-9.054692e-03
-9.833163e-03
-1.254400e-02
-1.372947e-02
-1.509061e-02
-1.579136e-02
-1.782291e-02
-1.832755e-02
-1.780716e-02
-1.933290e-02
-2.301829e-02
-2.070380e-02
-2.417254e-02
-2.151697e-02
-2.102614e-02
-2.677255e-02
-2.317478e-02
-2.285886e-02
-2.624593e-02
-2.146527e-02
-2.154974e-02
-2.356590e-02
-2.028384e-02
-2.264965e-02
-2.049976e-02
-2.084308e-02
-1.913754e-02
-1.731850e-02
-2.117937e-02
-1.872507e-02
-1.887632e-02
-1.965063e-02
-1.803849e-02
-2.036257e-02
-2.151687e-02
-1.926181e-02
-1.741647e-02
-1.871372e-02
-1.689434e-02
-1.327216e-02
-1.164656e-02
-1.266872e-02
-1.529812e-02
-8.994129e-03
-7.073974e-03
-1.237660e-02
-7.254470e-03
-1.122020e-02
-1.388711e-03
-7.127023e-03
-1.624352e-02
-5.699004e-03
-1.655528e-03
-8.964784e-03
-6.329022e-03
-4.751064e-03
6.690540e-03
-2.791047e-03
5.511482e-03
1.233400e-02
9.989365e-03
1.049768e-02
1.211904e-02
1.612294e-02
1.647885e-02
1.080185e-02
1.353376e-02
1.026270e-02
9.823922e-03
1.101246e-02
7.917759e-03
1.023033e-02
1.174554e-02
9.357024e-03
1.531449e-02
1.133009e-02
1.262197e-02
1.813601e-02
6.615283e-03
9.840778e-03
1.494253e-02
-2.923405e-04
4.570489e-03
-1.489259e-03
-1.161267e-02
-7.541490e-03
-1.783074e-02
-1.313427e-02
-1.126748e-02
-2.075926e-02
-1.498491e-02
-1.345403e-02
-1.660387e-02
-1.257510e-02
-8.582851e-03
-8.486409e-03
-9.889670e-03
-8.762338e-03
-6.738154e-03
-9.861299e-03
-8.554952e-03
-7.972758e-03
-1.277257e-02
-8.683134e-03
-1.098478e-02
-2.054102e-03
-5.314725e-03
-7.811958e-04
9.219989e-03
1.107552e-02
1.604817e-02
2.161273e-02
2.702663e-02
3.517058e-02
2.104452e-02
2.458276e-02
2.539332e-02
1.910577e-02
1.804134e-02
1.287951e-02
1.565561e-02
1.527373e-02
6.038597e-03
9.644817e-03
9.583345e-03
8.315103e-03
4.309476e-03
4.191835e-03
5.117768e-03
-7.417303e-04
-9.991031e-04
-5.012550e-03
-8.882728e-03
-1.302190e-02
-1.466629e-02
-1.868382e-02
-1.513205e-02
-1.756087e-02
-1.216953e-02
-1.610972e-02
-1.256672e-02
-1.677266e-02
-1.542267e-02
-5.236482e-03
-1.201376e-02
9.322696e-04
1.204719e-02
1.120682e-02
2.090642e-02
3.239078e-02
2.926962e-02
4.183709e-02
3.249969e-02
4.056594e-02
4.676613e-02
4.105944e-02
4.352671e-02
4.243681e-02
3.968042e-02
4.282337e-02
4.651830e-02
4.742287e-02
5.413699e-02
5.306605e-02
5.252025e-02
5.342401e-02
5.058125e-02
5.440659e-02
5.132813e-02
4.585091e-02
3.831586e-02
3.380147e-02
2.406562e-02
1.810582e-02
1.434010e-02
1.444486e-02
2.528245e-02
2.998485e-02
2.912193e-02
4.172327e-02
4.176552e-02
3.910373e-02
3.862257e-02
3.975928e-02
3.864269e-02
3.930326e-02
3.285266e-02
3.108280e-02
2.607501e-02
2.323278e-02
6.604249e-03
1.114709e-02
2.979689e-02
2.089060e-02
2.128095e-02
3.271244e-02
2.666594e-02
2.604667e-02
3.816532e-02
3.712660e-02
4.226695e-02
4.972753e-02
3.987666e-02
3.643560e-02
3.529247e-02
2.933031e-02
2.230666e-02
1.176132e-02
6.738841e-03
9.621157e-03
4.533751e-03
-9.584295e-04
-6.490644e-03
-1.124269e-02
-1.133384e-02
-1.761577e-02
-1.737749e-03
1.036458e-02
1.399429e-02
1.179491e-02
1.769659e-02
2.271673e-02
2.472952e-02
3.606752e-02
4.412420e-02
2.761298e-02
2.049565e-02
1.245750e-02
4.144415e-03
6.194209e-05
2.823871e-03
-1.526167e-03
-5.186093e-03
-2.033503e-02
-7.784176e-03
6.187824e-03
1.668526e-02
2.752187e-02
2.534081e-02
3.763814e-02
1.489042e-02
4.944024e-03
3.490218e-02
1.655239e-02
3.770160e-03
-6.709414e-03
-1.464799e-02
-1.027455e-02
-4.060153e-02
-1.234297e-02
3.945478e-02
1.754970e-02
4.706662e-02
5.862335e-02
5.128940e-02
8.522074e-02
4.287465e-02
5.394055e-02
6.469986e-02
7.187771e-03
-5.059203e-03
-2.202160e-02
1.644949e-03
-6.977828e-03
-1.120826e-01
-1.220994e-01
-6.627214e-02
-7.816260e-02
-5.878025e-02
-2.152800e-03
9.840915e-02
-7.588996e-03
-1.673014e-01
-7.635715e-02
-2.869401e-03
-5.577216e-02
-4.827948e-02
2.880633e-02
-5.114244e-02
-1.524963e-01
-1.520989e-01
-9.545009e-02
-8.462962e-02
-1.376653e-01
-5.438829e-02
6.358975e-02
-4.973536e-02
3.038419e-02
1.661028e-01
2.481309e-02
-6.157538e-03
4.692862e-02
8.326803e-02
9.368727e-02
7.745792e-02
8.059473e-02
-9.799584e-03
-1.195759e-01
-6.169234e-02
1.422418e-01
9.729279e-02
-3.376918e-02
-5.308166e-02
-6.651036e-02
-1.441713e-01
-3.614807e-02
2.204299e-01
2.952529e-01
1.659954e-02
-1.620455e-01
-2.136340e-03
7.077262e-02
-1.729280e-01
-2.024653e-01
5.645999e-02
2.791805e-02
-2.575004e-01
-1.637455e-01
1.582268e-01
6.441422e-02
-3.392240e-01
-4.362343e-01
-1.632098e-01
-5.216375e-02
-5.000147e-02
2.501205e-01
4.405305e-01
9.079181e-02
-3.190692e-01
-1.803607e-01
1.395657e-01
1.273920e-01
-3.156702e-02
-4.502383e-03
-1.257014e-01
-3.745342e-01
-3.445750e-01
-9.363663e-02
9.731534e-02
8.939196e-02
-2.684175e-02
8.820625e-02
5.490347e-02
-7.390892e-02
3.842090e-02
2.063422e-01
1.466309e-01
-2.153688e-01
-3.864738e-01
-2.184665e-01
-1.925858e-01
-2.379929e-01
-2.807449e-02
2.339292e-01
-2.840888e-02
-2.105253e-01
1.229293e-02
1.724506e-01
2.934895e-01
4.100091e-01
2.234803e-01
6.987093e-02
-8.850973e-02
-2.182876e-01
-9.760435e-02
1.815855e-02
1.070276e-01
-3.939625e-02
-4.183083e-01
-3.263057e-01
2.343740e-02
1.403763e-01
9.739312e-02
-2.391120e-02
-6.969782e-02
-2.531314e-01
-4.513226e-01
-1.607555e-01
2.026116e-01
1.594603e-01
-6.246127e-02
-1.791916e-01
-1.693644e-01
-6.863896e-02
-8.152461e-02
-4.238544e-02
5.621163e-02
-6.948929e-03
-1.306579e-01
-1.120534e-01
4.408898e-02
1.817657e-01
5.060392e-02
-5.581578e-03
-2.561909e-02
2.296861e-03
8.173351e-02
1.674701e-01
2.369173e-01
1.923059e-01
1.269924e-01
5.672800e-02
6.240372e-03
-2.191584e-02
-8.299632e-02
-8.230456e-02
5.323617e-02
9.155513e-02
2.885378e-02
-1.101486e-01
-1.878569e-01
-1.029474e-01
1.863966e-02
6.770912e-02
1.363142e-01
1.024910e-01
-7.760633e-02
-2.124235e-01
-1.888988e-01
-9.907663e-02
-7.773127e-02
-3.529687e-02
-1.118912e-02
-1.612365e-01
-3.349608e-01
-3.444106e-01
-1.368760e-01
4.685680e-02
7.531084e-02
1.662607e-01
1.822841e-01
1.234924e-01
1.708301e-01
2.162710e-01
1.960844e-01
7.050978e-02
-6.025950e-02
-1.099382e-01
-1.448529e-01
-5.155719e-02
6.474936e-02
8.572269e-02
1.297823e-01
4.367242e-02
-1.652729e-01
-1.860406e-01
-4.095095e-02
1.054672e-01
1.006047e-01
7.404954e-02
1.050173e-01
-7.094094e-02
-2.170758e-01
-2.769041e-02
1.686944e-01
5.033063e-02
-3.313247e-02
1.455743e-01
2.169855e-01
-6.689080e-02
-1.893765e-01
-1.069150e-01
-6.331870e-02
-1.524341e-01
-2.278562e-02
1.382813e-01
8.892454e-02
9.383234e-02
1.336799e-01
1.178127e-01
4.725221e-02
-1.142863e-01
-1.748398e-01
-8.997709e-02
-8.713034e-02
4.626528e-02
8.278925e-02
3.167122e-02
1.053711e-01
-7.360487e-02
-3.967441e-01
-3.051540e-01
1.489751e-01
3.393134e-01
1.945899e-01
3.635585e-01
1.784472e-01
-3.441561e-01
-2.600906e-01
1.383584e-01
2.560201e-01
-1.342321e-01
-2.437017e-01
1.247383e-01
-3.081453e-01
-3.634822e-01
3.875353e-01
2.241030e-01
-2.114462e-01
-2.703986e-01
1.322894e-01
4.283344e-01
1.100435e-01
5.012462e-01
4.882663e-01
-4.624926e-01
-9.801989e-01
-7.040413e-01
-2.198545e-01
-5.721118e-02
3.080079e-01
5.050532e-01
-3.524910e-01
-6.559690e-01
-3.227704e-01
-1.632412e-01
-1.609038e-01
4.288918e-02
5.651908e-01
3.508444e-01
-3.425599e-01
1.483262e-01
5.262308e-01
-6.085650e-02
-7.658067e-02
3.895043e-01
2.890241e-01
-3.521267e-01
-1.900789e-01
4.806168e-01
2.854518e-01
-2.074926e-01
5.287521e-02
2.035357e-01
6.495866e-02
2.776753e-01
5.647564e-01
5.435566e-01
1.064366e-01
-1.306060e-01
-2.147722e-01
6.114860e-02
3.591464e-01
2.474657e-01
3.545642e-01
3.766610e-01
-2.748711e-01
-5.603519e-01
-3.816223e-01
-9.220503e-02
1.862537e-01
-9.304785e-02
3.421464e-02
1.266453e-01
-5.573957e-01
-4.649937e-01
2.419997e-01
4.414210e-01
2.194949e-01
-1.600724e-01
1.249058e-01
6.087872e-02
-3.995553e-01
-1.180486e-01
2.482370e-01
7.402620e-02
-1.219341e-02
-1.181106e-03
8.880104e-02
2.366003e-01
2.857354e-01
1.296608e-01
-1.281802e-01
1.196171e-01
6.644607e-02
-2.693914e-01
2.360338e-02
2.333909e-01
-1.147959e-02
-2.488551e-01
-3.532123e-01
-4.483537e-02
3.135936e-02
-1.529382e-01
2.587704e-03
9.437175e-02
3.559180e-02
6.053624e-02
2.108397e-01
5.508211e-01
5.434219e-01
1.736600e-01
1.487739e-03
-1.401178e-02
2.877272e-02
3.908921e-01
4.284424e-01
3.582310e-01
3.129298e-01
-7.857143e-02
-3.436501e-01
-7.821275e-02
-6.704229e-02
-1.080948e-01
1.032623e-01
-1.752684e-01
-2.570236e-01
-1.951962e-01
-4.238841e-01
-2.962657e-01
1.478505e-01
2.016130e-01
2.010200e-02
-7.136269e-02
-1.101468e-01
-5.447597e-02
2.802688e-01
2.949853e-01
1.804789e-01
1.057841e-02
-1.503936e-01
-1.448678e-02
6.324567e-02
4.890939e-02
3.017196e-01
4.916022e-02
-5.506582e-01
-4.859480e-01
-2.911995e-01
-1.180024e-01
4.034893e-01
8.765788e-01
6.856058e-01
6.657411e-02
-4.293586e-01
-4.226158e-01
-4.042133e-01
-1.968771e-01
3.896817e-01
4.212830e-01
-1.346090e-01
-2.173691e-01
-1.872460e-01
-1.683860e-01
1.166916e-01
2.837450e-01
-7.103924e-03
-1.000611e-01
-7.110353e-02
1.822476e-01
3.310221e-01
4.068329e-01
4.767812e-01
2.051378e-02
-6.644187e-01
-6.252754e-01
-1.988028e-01
1.347332e-01
7.271425e-02
1.825038e-01
3.556546e-01
-1.914639e-01
-5.932401e-01
-2.334144e-01
4.124981e-01
7.941098e-01
5.176638e-01
5.503629e-01
3.145990e-01
-3.369999e-01
-2.804787e-01
1.015933e-01
2.046052e-01
1.328374e-01
-3.117677e-01
-8.516298e-01
-8.584695e-01
-5.550850e-01
-3.537026e-01
1.737908e-01
7.005247e-01
6.298668e-01
1.458183e-01
1.481662e-01
1.022622e-01
-2.107136e-01
-2.119566e-01
-1.026464e-01
3.493289e-02
-3.752651e-01
-7.698215e-01
-9.754745e-02
3.014084e-01
-3.043342e-02
3.771981e-02
2.331130e-01
-3.815203e-01
-8.596314e-01
-3.626761e-01
3.315018e-01
4.956026e-01
2.892060e-01
3.309747e-01
1.576558e-01
-4.496488e-01
-5.577311e-01
-2.305170e-02
1.286420e-01
1.142552e-01
-2.920872e-02
-4.683827e-01
-7.654627e-01
-8.733257e-01
-4.233838e-01
2.772335e-01
4.648766e-01
3.836728e-01
3.266119e-01
1.079063e-01
3.534788e-01
3.529599e-01
3.861492e-01
6.545431e-01
4.871075e-01
9.754694e-02
-2.076191e-01
-1.507742e-01
3.971126e-02
-4.583942e-01
-5.926987e-01
-3.650009e-01
-4.946728e-01
-5.190775e-01
-2.735872e-01
4.086601e-01
3.164017e-01
-4.626760e-01
-1.517994e-01
2.189071e-01
-2.266761e-01
-2.880971e-01
-2.106516e-02
6.261751e-02
-1.030088e-01
-4.421058e-01
-5.594875e-01
-3.844439e-01
-2.721084e-01
-3.878816e-02
3.792771e-01
7.260712e-01
6.458043e-01
2.983946e-01
3.776087e-01
8.812594e-01
5.777616e-01
-2.424631e-01
-6.736956e-02
5.087594e-01
4.987674e-01
-6.184876e-02
-5.573207e-02
1.117675e-01
-5.131760e-01
-9.237903e-01
-6.085355e-01
-2.928248e-01
-2.994515e-01
-1.593685e-01
1.819385e-01
1.125704e-01
-2.184850e-01
-2.471975e-01
-2.336743e-02
3.539902e-01
1.367401e-01
-6.047028e-01
-9.447671e-01
-9.995343e-01
-1.007613e+00
-7.685069e-01
-2.695365e-01
1.902649e-01
2.331721e-01
2.177565e-01
5.047732e-01
4.126992e-01
4.083801e-01
7.536269e-01
8.681296e-01
5.559211e-01
4.063964e-01
3.301479e-01
3.633966e-01
6.844449e-01
7.923372e-01
2.994259e-01
1.239530e-01
1.427017e-01
-7.441056e-02
3.894402e-02
4.655245e-01
3.637195e-01
-4.824842e-02
-1.554357e-03
1.421497e-01
-2.023367e-02
2.000910e-01
7.731942e-01
8.887386e-01
6.948583e-01
5.859886e-01
5.041218e-01
2.224590e-01
4.803832e-03
-5.620856e-01
-1.249651e+00
-1.278645e+00
-7.078215e-01
-3.503671e-01
-1.792851e-01
-2.579578e-02
-5.164359e-02
-4.739313e-01
-9.242868e-01
-5.128627e-01
2.569733e-02
1.899454e-01
3.653406e-01
1.991237e-01
-4.195902e-01
-7.710019e-01
-9.110889e-01
-1.193177e+00
-1.292273e+00
-1.080767e+00
-8.688981e-01
-5.956244e-01
-1.531325e-01
2.552962e-01
7.269401e-01
7.763541e-01
5.061596e-01
4.532737e-01
6.642563e-01
8.442276e-01
8.055994e-01
7.577858e-01
9.106427e-01
2.777011e-01
-4.562015e-01
-2.292617e-01
5.111610e-01
9.834966e-01
9.670894e-01
8.242276e-01
9.648073e-01
6.528187e-01
3.049018e-03
1.920967e-01
3.055757e-01
1.421199e-01
2.216674e-01
6.707218e-02
-1.811611e-01
-2.693363e-01
-5.739591e-01
-9.039281e-01
-9.212683e-01
-6.169474e-01
-4.211158e-01
-4.968399e-01
-2.033642e-02
3.368985e-01
-1.417682e-01
-8.249573e-01
-1.084760e+00
-8.170888e-01
-7.145199e-01
-7.197356e-01
1.101933e-01
1.080278e+00
1.325936e+00
7.882252e-01
9.560726e-02
-1.288838e-01
-4.125559e-01
-6.035571e-01
-3.631964e-01
-3.748574e-01
-5.647358e-01
-3.263867e-01
-3.256573e-01
1.113702e-02
8.380799e-01
1.276793e+00
1.178204e+00
8.934282e-01
5.863555e-01
2.602323e-01
-1.962701e-01
-6.419759e-02
-1.421527e-01
-6.843444e-01
-5.849635e-01
-4.653173e-01
-2.988168e-01
9.687964e-02
-1.776895e-01
-2.365913e-01
-2.959838e-01
-7.103678e-01
-5.553863e-01
-4.690802e-01
-1.339670e-01
2.189397e-01
-5.167633e-02
-2.917097e-02
-1.532220e-01
-6.433764e-01
-6.502907e-01
-1.900493e-01
8.964335e-02
5.176958e-02
-2.265888e-01
2.667427e-01
7.214740e-01
6.843357e-01
8.684542e-01
8.700413e-01
2.295023e-01
-5.446831e-01
-9.292329e-01
-7.964846e-01
-1.456768e-01
5.569962e-01
6.514283e-01
4.998125e-01
8.560164e-01
5.197953e-01
9.059664e-02
6.397901e-01
6.199357e-01
-5.964354e-01
-1.499198e+00
-1.773377e+00
-1.752963e+00
-7.559290e-01
4.869608e-01
1.496594e+00
1.851767e+00
9.180785e-01
1.701489e-01
-3.361302e-01
-8.937246e-01
-8.286071e-01
-6.559269e-01
-1.864203e-01
5.634685e-01
9.481186e-01
9.111534e-01
5.765280e-01
-4.989307e-02
-2.631856e-01
-7.973417e-01
-8.850617e-01
-1.179492e-01
5.761249e-01
7.440174e-01
3.348761e-01
-2.141357e-02
-3.677541e-01
-1.278297e+00
-1.258895e+00
-5.502188e-02
7.044172e-01
5.770097e-01
7.071095e-01
5.349932e-01
-4.404666e-01
-1.220230e+00
-9.034880e-01
-2.704090e-01
-2.554198e-01
-2.233567e-01
1.839219e-01
4.599196e-01
4.931809e-01
2.905240e-01
2.669360e-01
3.766365e-01
1.202998e-01
7.496965e-02
2.158631e-01
1.521905e-01
2.752329e-01
4.060891e-01
-1.916170e-01
-1.777225e-01
6.916981e-01
1.516165e+00
1.646280e+00
1.669376e+00
1.812297e+00
8.795019e-01
-5.288628e-01
-1.431273e+00
-1.603060e+00
-3.718603e-01
6.334202e-02
-1.847328e-01
4.997970e-01
6.138366e-01
2.114019e-01
-1.209234e-01
2.564119e-02
-1.652325e-01
-1.252947e+00
-1.634464e+00
-1.637206e+00
-1.840946e+00
-1.446621e+00
-8.530085e-01
-6.674853e-01
-8.366306e-01
1.414884e-01
1.289786e+00
5.984174e-01
-3.036221e-01
-2.342000e-01
-7.803240e-01
-5.109972e-01
2.970638e-01
1.219041e+00
1.866527e+00
1.014325e+00
1.794650e-01
8.864965e-01
9.397639e-01
4.841664e-01
7.889754e-01
1.280837e+00
4.202321e-01
-1.487623e+00
-1.546666e+00
-7.572885e-01
-8.331404e-01
-9.184712e-01
-1.088266e-01
3.695388e-01
-9.314964e-01
-1.095692e+00
1.798849e-01
1.986690e-01
4.715964e-01
5.790252e-01
1.059005e-01
1.375227e-01
1.107277e-01
7.663931e-01
1.723507e+00
1.863250e+00
2.218937e+00
1.216651e+00
-5.215798e-01
-8.789923e-01
-1.193148e+00
-1.149493e-01
1.003865e+00
1.151399e+00
1.441483e+00
5.022877e-01
-6.176439e-01
-1.145649e+00
-7.202075e-01
7.746729e-01
8.930219e-01
9.481139e-02
-4.772064e-01
-1.343379e+00
-2.019701e+00
-1.900609e+00
-2.651545e-01
8.427974e-01
-1.340186e-01
-1.038665e+00
-6.011641e-01
-5.509703e-01
1.085189e-01
1.605370e+00
2.112212e+00
1.321460e+00
6.072680e-01
-3.240058e-01
-9.270473e-01
-5.579913e-01
2.833818e-01
9.492549e-01
4.171933e-01
-2.916333e-01
-6.396056e-01
-9.212192e-01
-8.579673e-01
-5.750234e-01
-6.863296e-02
-1.164745e-01
-1.975972e+00
-2.900580e+00
-1.957968e+00
-1.799787e+00
-1.492172e+00
-3.985576e-01
4.206978e-01
1.566702e-01
-4.133520e-01
3.073993e-01
4.956677e-01
6.713376e-01
9.778543e-01
4.071385e-01
1.657614e-01
6.573742e-01
8.086837e-01
1.626664e+00
2.600661e+00
2.510634e+00
1.964084e+00
1.836357e+00
1.719929e+00
1.910619e+00
2.417936e+00
2.364977e+00
1.295817e+00
6.618055e-01
5.900084e-02
-1.908813e-01
-2.668606e-01
-8.983327e-01
-7.530486e-01
-9.347761e-01
-1.984362e+00
-1.845011e+00
-1.318337e+00
-5.100890e-01
-3.582296e-01
-1.224105e+00
-1.830854e+00
-2.235827e+00
-3.148964e+00
-3.641420e+00
-3.299921e+00
-2.385486e+00
-1.474405e+00
-1.395826e+00
-9.520434e-01
-6.971388e-01
-8.512740e-01
-6.083711e-02
6.728248e-01
-8.830949e-02
-3.428749e-01
-4.864168e-02
-7.626526e-01
-4.639813e-01
7.816554e-01
1.698179e+00
1.554955e+00
2.190767e+00
3.683892e+00
2.848936e+00
1.495062e+00
2.173962e+00
1.567125e+00
5.466933e-01
1.250387e+00
1.379138e+00
7.890910e-01
6.237011e-01
1.346756e+00
2.253637e+00
1.492808e+00
8.178853e-01
1.237935e+00
9.657226e-01
-8.291125e-01
-1.255713e+00
-3.212648e-01
-3.662864e-01
-3.020181e-01
3.327347e-01
-1.144353e-01
-9.401316e-01
-1.420350e+00
-1.918838e+00
-2.135515e+00
-1.714249e+00
-1.250870e+00
-1.696305e+00
-1.970699e+00
-1.226130e+00
-1.630847e+00
-1.894524e+00
-1.127068e+00
-1.233963e+00
-1.552816e+00
-1.310457e+00
-8.367070e-01
-9.126784e-01
-1.138388e+00
-1.131448e-01
1.462946e+00
2.253521e+00
2.381341e+00
2.841327e+00
3.286210e+00
2.861190e+00
2.073228e+00
2.137274e+00
2.413730e+00
2.150770e+00
1.932451e+00
2.005205e+00
1.840591e+00
1.120748e+00
7.583058e-01
2.800471e-01
-1.005922e-01
-2.585642e-01
-4.321024e-01
-2.947272e-01
1.929259e-01
2.518379e-01
-6.143170e-03
-5.667613e-01
-1.205067e+00
-1.345853e+00
-1.375129e+00
-1.751613e+00
-2.339398e+00
-2.882130e+00
-3.024541e+00
-2.653585e+00
-2.298579e+00
-1.322997e+00
-3.232304e-01
-9.989581e-01
-1.706631e+00
-1.590389e+00
-2.128873e+00
-2.251379e+00
-1.376179e+00
-9.433133e-01
-6.680779e-01
-5.072576e-01
-2.938014e-01
2.482610e-01
6.279587e-01
1.274870e+00
2.304144e+00
3.034261e+00
2.995085e+00
2.352442e+00
2.073310e+00
2.249294e+00
2.349205e+00
2.799036e+00
3.354817e+00
3.138657e+00
2.420107e+00
1.596989e+00
-6.876676e-02
-1.404213e+00
-1.714398e+00
-2.170315e+00
-1.906532e+00
-9.848657e-01
-1.449144e-01
2.041276e-01
-2.493621e-03
2.507688e-01
5.213669e-02
-1.151212e+00
-1.201184e+00
-2.589221e-01
-8.353067e-02
-3.132821e-01
-1.224676e-01
3.443273e-01
1.805859e-01
-2.375212e-01
-2.974206e-01
-3.023889e-01
-4.254684e-01
-6.356294e-01
-1.075551e+00
-8.215650e-01
-4.546252e-01
-8.123367e-01
-8.379166e-01
-6.159125e-01
-7.375050e-01
-1.260707e+00
-2.100411e+00
-2.295455e+00
-1.163481e+00
3.441491e-01
1.883853e+00
3.434744e+00
4.170429e+00
3.566827e+00
2.566484e+00
1.476254e+00
1.174561e+00
8.993486e-01
2.293988e-01
-2.431107e-01
-1.880430e-01
-8.772633e-02
-4.106728e-01
-5.168331e-01
-7.527824e-02
-3.495324e-01
-9.823187e-01
-1.501096e+00
-1.954566e+00
-1.596587e+00
-5.468131e-01
8.493746e-02
-4.727340e-02
-6.682955e-01
-1.194644e+00
-1.553880e+00
-1.879989e+00
-1.497103e+00
-1.028413e+00
-1.057932e+00
-8.959481e-01
-7.522758e-01
-6.623257e-01
-2.226921e-01
-1.632967e-01
-5.876012e-02
2.296227e-01
6.037227e-01
6.185291e-01
5.454572e-01
5.991725e-01
3.013804e-01
1.495843e-02
2.120525e-01
-1.993910e-02
1.765119e-01
8.062969e-01
5.379892e-01
1.705790e-01
-1.435605e-01
-9.668213e-01
-1.223558e+00
-1.236371e+00
-8.773352e-01
-2.613155e-01
-9.564435e-02
-4.518745e-02
1.752562e-01
1.070200e-01
2.659599e-01
4.814989e-01
4.081751e-01
6.662942e-01
1.286368e+00
1.294176e+00
1.338573e+00
1.607478e+00
1.155639e+00
5.401071e-01
7.674928e-01
4.874627e-01
-6.193281e-01
-9.795614e-01
-5.512463e-01
-4.473186e-02
-2.077216e-01
-6.154681e-01
-1.110133e+00
-1.898387e+00
-2.455338e+00
-2.470098e+00
-2.274301e+00
-1.587309e+00
-9.996392e-01
-3.653406e-01
1.077208e-01
2.143120e-01
4.193160e-01
5.466759e-01
1.065893e+00
1.808067e+00
1.985624e+00
1.798111e+00
1.183067e+00
4.780907e-01
3.522033e-01
-2.273673e-01
-5.531333e-01
-2.244096e-01
-1.632938e-01
-3.890875e-01
-6.656146e-01
-1.161769e+00
-1.484490e+00
-1.530661e+00
-1.084201e+00
-4.323494e-01
9.546775e-02
-1.101629e-02
-7.919094e-01
-1.454219e+00
-1.778844e+00
-1.688040e+00
-1.355434e+00
-1.133438e+00
-5.272889e-01
-4.193606e-01
-8.814102e-01
-6.530206e-01
-3.107427e-01
2.160333e-01
1.022791e+00
1.207447e+00
1.123737e+00
7.092221e-01
-1.739564e-01
-4.441443e-01
-2.331987e-01
1.286519e-01
3.972546e-01
4.016773e-01
5.889159e-01
1.148732e+00
1.449696e+00
2.081801e+00
2.737688e+00
2.469292e+00
1.993021e+00
1.750731e+00
1.245466e+00
8.623826e-01
9.167808e-01
9.825764e-01
9.013137e-01
6.246420e-01
4.818508e-01
3.225597e-01
-2.850152e-01
-4.554778e-01
-4.614606e-01
-9.168902e-01
-1.152603e+00
-9.725834e-01
-6.817328e-01
-2.021691e-01
8.084832e-01
2.338048e+00
3.407311e+00
3.811581e+00
3.984308e+00
3.762698e+00
3.601690e+00
3.759923e+00
3.376445e+00
2.696115e+00
1.867447e+00
3.002499e-01
-1.076798e+00
-1.755334e+00
-2.343568e+00
-2.569517e+00
-2.317025e+00
-2.273573e+00
-2.522700e+00
-2.515781e+00
-1.642530e+00
-6.905807e-01
-3.375332e-01
1.660306e-01
6.024696e-01
5.408075e-01
5.017488e-01
5.422252e-01
1.136291e-01
-6.614912e-01
-1.357178e+00
-1.763545e+00
-1.780048e+00
-9.919727e-01
2.038079e-01
5.116050e-01
5.402835e-02
-3.804117e-01
-1.151154e+00
-2.303547e+00
-2.547641e+00
-1.000749e+00
1.399510e+00
2.566803e+00
2.766185e+00
2.483316e+00
1.471447e+00
-4.312824e-02
-1.314078e+00
-1.942296e+00
-2.252153e+00
-2.732783e+00
-3.044737e+00
-3.222950e+00
-3.140192e+00
-2.307406e+00
-1.375915e+00
-1.042108e+00
-9.462678e-01
-7.857642e-01
-1.054415e+00
-1.985730e+00
-1.885762e+00
-4.160933e-01
3.187389e-01
5.786308e-01
1.868946e+00
3.068706e+00
2.719416e+00
2.704895e+00
3.870163e+00
3.733682e+00
1.764591e+00
4.172411e-01
-1.941070e-01
-6.832787e-01
-5.544482e-01
1.218170e-01
3.780880e-01
-5.032665e-02
1.358783e-01
8.718490e-01
5.863608e-01
-5.918904e-02
2.225926e-02
6.497388e-01
8.544779e-01
6.762547e-01
-1.311603e-01
-1.255644e+00
-1.792765e+00
-1.781347e+00
-1.916193e+00
-1.323257e+00
-4.022588e-01
-3.257823e-01
-2.416186e-01
4.641174e-01
1.298039e+00
1.610496e+00
2.037898e+00
2.512763e+00
1.926645e+00
7.708038e-01
4.312195e-01
1.740261e-01
-4.324749e-01
-9.660815e-01
-1.306985e+00
-1.394949e+00
-1.191734e+00
-9.117760e-01
-8.593692e-01
-1.039166e+00
-6.593163e-01
-7.632227e-02
3.564951e-02
2.745878e-01
1.087870e+00
1.248318e+00
-6.421697e-01
-2.684139e+00
-3.865675e+00
-3.868629e+00
-2.507184e+00
-1.285435e+00
-2.192484e-01
8.485037e-01
6.169591e-01
-2.553935e-01
-1.063132e+00
-1.112701e+00
1.478648e-01
1.417706e+00
2.118321e+00
2.236807e+00
1.323188e+00
1.223539e-01
-1.531870e-01
7.073341e-01
1.424665e+00
9.393526e-01
2.765034e-01
5.252671e-01
7.155806e-01
8.905944e-01
1.552068e+00
2.446827e+00
2.986380e+00
3.065067e+00
3.018661e+00
2.569762e+00
2.419836e+00
3.098480e+00
3.151698e+00
2.446492e+00
1.882417e+00
1.250651e+00
3.160714e-01
-8.812561e-01
-1.106690e+00
-6.121008e-01
-1.786214e+00
-3.218189e+00
-2.908565e+00
-2.778152e+00
-3.680245e+00
-4.151328e+00
-4.453765e+00
-4.564299e+00
-3.942022e+00
-2.787978e+00
-1.864975e+00
-1.802426e+00
-2.454860e+00
-2.956750e+00
-2.725298e+00
-1.695521e+00
-3.600242e-01
6.673627e-01
1.468034e+00
2.011124e+00
2.217694e+00
2.800142e+00
4.026900e+00
4.965847e+00
5.466169e+00
5.762450e+00
5.145276e+00
3.720471e+00
2.604734e+00
1.843415e+00
7.876355e-01
-3.412340e-01
-6.652069e-01
-4.259964e-01
-3.293945e-03
9.898764e-01
2.419760e+00
2.717657e+00
1.539619e+00
6.590331e-02
-1.013001e+00
-1.977208e+00
-2.664075e+00
-2.111104e+00
-1.039157e+00
-5.376325e-01
-2.327539e-01
-6.059238e-01
-1.774155e+00
-2.822606e+00
-3.596731e+00
-3.896739e+00
-3.708469e+00
-2.917059e+00
-1.528159e+00
-4.899792e-01
3.005025e-01
1.051702e+00
9.884741e-01
5.445426e-01
8.536672e-01
1.616494e+00
2.507861e+00
3.105247e+00
2.909613e+00
2.193538e+00
1.709043e+00
1.757614e+00
2.142581e+00
2.239115e+00
1.935247e+00
1.548379e+00
5.130823e-01
-9.148569e-01
-2.039069e+00
-2.534204e+00
-2.509708e+00
-1.886351e+00
-1.001065e+00
-4.519225e-01
-2.723052e-01
2.880827e-01
1.115330e+00
1.407576e+00
6.992862e-01
-2.967325e-01
-9.699227e-01
-1.749585e+00
-2.270817e+00
-2.237372e+00
-2.158169e+00
-2.216587e+00
-1.602741e+00
-2.107641e-01
9.525313e-01
1.259682e+00
1.231784e+00
1.153918e+00
8.292148e-01
-3.790820e-02
-7.450349e-01
-1.023204e+00
-1.377874e+00
-1.359324e+00
-8.482315e-01
-3.931333e-01
9.588800e-02
8.873278e-03
-3.564304e-01
-7.171547e-01
-1.195834e+00
-1.306649e+00
-6.603907e-01
-2.574557e-01
-6.731322e-02
4.105099e-01
8.025654e-01
9.938778e-01
1.526701e+00
2.010348e+00
2.114952e+00
1.931658e+00
1.804969e+00
1.912774e+00
1.763188e+00
1.286738e+00
8.572841e-01
4.953138e-01
5.365205e-01
1.222502e+00
1.943814e+00
2.551153e+00
2.790552e+00
2.297375e+00
1.247187e+00
-6.218890e-02
-1.267846e+00
-2.132732e+00
-2.763390e+00
-3.034861e+00
-3.057529e+00
-3.139847e+00
-3.392044e+00
-3.351378e+00
-2.703856e+00
-1.607807e+00
-2.972478e-01
7.673939e-01
1.357545e+00
1.822649e+00
2.207288e+00
2.177210e+00
1.839677e+00
7.678389e-01
-6.278689e-01
-1.190164e+00
-1.170961e+00
-9.106931e-01
-2.072439e-01
4.512995e-01
8.850478e-01
1.289172e+00
1.746199e+00
2.123406e+00
2.017817e+00
1.520475e+00
9.399376e-01
2.690300e-01
-3.519649e-02
-8.363635e-04
1.452742e-01
5.254473e-01
1.011572e+00
9.003743e-01
6.206120e-03
-9.966659e-01
-1.905451e+00
-2.699189e+00
-2.856457e+00
-2.652160e+00
-2.685206e+00
-2.853016e+00
-2.958604e+00
-3.096739e+00
-2.824872e+00
-1.553694e+00
6.380898e-02
1.099097e+00
1.388750e+00
1.132910e+00
5.704711e-01
-9.821942e-02
-7.739625e-02
4.930345e-01
7.446970e-01
9.343827e-01
1.055306e+00
5.973610e-01
1.508978e-01
1.145043e-01
1.740648e-01
1.343383e-01
1.489678e-01
-2.321691e-02
-6.030824e-01
-1.139703e+00
-1.535216e+00
-2.018519e+00
-2.458432e+00
-2.735294e+00
-2.677210e+00
-2.303198e+00
-1.633999e+00
-6.515262e-01
2.749391e-01
8.488282e-01
9.713284e-01
6.982344e-01
2.684923e-01
-1.176564e-01
-3.228112e-01
-1.661414e-01
1.774022e-01
3.961823e-01
5.447242e-01
7.253825e-01
8.459785e-01
6.915049e-01
6.590150e-01
1.027286e+00
1.435542e+00
1.773222e+00
2.064685e+00
2.194042e+00
2.045822e+00
1.745175e+00
1.423733e+00
1.201817e+00
1.403098e+00
1.814831e+00
1.691270e+00
9.820345e-01
1.445407e-01
-9.409541e-01
-2.154892e+00
-3.055803e+00
-3.078919e+00
-2.761639e+00
-2.926009e+00
-3.264606e+00
-3.301115e+00
-3.281291e+00
-2.720095e+00
-1.960648e+00
-1.304867e+00
-3.890502e-01
1.247726e-01
2.687070e-02
1.383123e-01
4.405193e-01
6.803943e-01
8.937660e-01
1.141228e+00
1.397562e+00
1.556864e+00
1.135704e+00
4.997797e-01
4.469125e-01
6.949468e-01
7.127739e-01
6.538730e-01
6.026378e-01
4.735159e-01
8.965645e-02
-3.762238e-01
-3.069739e-01
1.167019e-01
3.417059e-01
4.677352e-01
8.160134e-01
8.274028e-01
5.887599e-01
1.750497e-01
-4.801596e-01
-1.033833e+00
-1.294854e+00
-1.588218e+00
-1.748192e+00
-1.406767e+00
-1.031755e+00
-1.087286e+00
-1.126051e+00
-1.152595e+00
-8.383909e-01
-1.597309e-02
6.309357e-01
1.060960e+00
1.355180e+00
1.208625e+00
9.275855e-01
8.941053e-01
8.972951e-01
8.797926e-01
8.746174e-01
9.490077e-01
9.251393e-01
5.269754e-01
-1.183308e-01
-4.091040e-01
-2.577865e-01
-1.747532e-01
-3.371252e-02
1.812376e-01
-8.456343e-02
-6.017487e-01
-8.486764e-01
-7.521868e-01
-5.159153e-01
-5.993029e-01
-8.764192e-01
-9.708733e-01
-9.358901e-01
-7.436263e-01
-2.965539e-01
2.349903e-01
7.435061e-01
1.235079e+00
1.582054e+00
1.720961e+00
1.556799e+00
1.151456e+00
7.953380e-01
5.834264e-01
3.172741e-01
2.238137e-01
2.423883e-01
-4.126118e-02
-4.909225e-01
-7.984102e-01
-1.045455e+00
-1.091546e+00
-9.267481e-01
-5.520562e-01
-2.103124e-01
-1.682470e-01
-1.293570e-01
3.007975e-02
-7.869039e-02
-2.086880e-02
1.664193e-01
1.571898e-01
1.964295e-02
-4.203544e-01
-8.806224e-01
-9.707229e-01
-9.666870e-01
-7.682709e-01
-5.704843e-01
-4.399051e-01
-4.032434e-01
-3.119872e-01
-5.588720e-02
3.897416e-01
8.028770e-01
1.116197e+00
1.038022e+00
8.322953e-01
8.444947e-01
9.628127e-01
8.357654e-01
5.995148e-01
4.266549e-01
1.694149e-01
-2.096278e-01
-4.538894e-01
-2.750089e-01
2.861839e-01
7.421664e-01
1.017373e+00
1.048032e+00
8.735148e-01
6.608394e-01
5.181338e-01
6.842134e-01
1.015320e+00
1.108223e+00
9.778378e-01
7.906992e-01
5.865758e-01
2.553244e-01
-1.154515e-01
-2.094913e-01
-1.664163e-02
1.191982e-01
-1.622635e-02
-1.812089e-01
-3.075106e-01
-5.042461e-01
-5.519009e-01
-4.802706e-01
-4.587335e-01
-4.095797e-01
-4.523006e-01
-3.681497e-01
-2.610355e-01
-3.153684e-01
-4.685555e-01
-8.830735e-01
-1.277161e+00
-1.385841e+00
-1.350444e+00
-9.801401e-01
-3.492436e-01
7.764973e-02
2.338637e-01
2.734164e-01
3.235349e-01
4.414618e-01
5.917320e-01
7.261302e-01
8.186176e-01
8.818079e-01
8.988113e-01
7.483354e-01
5.749404e-01
4.627284e-01
3.665438e-01
4.831299e-01
7.255495e-01
8.322035e-01
7.110883e-01
4.432282e-01
2.384133e-01
1.246604e-01
-9.028285e-02
-2.469751e-01
-2.169210e-01
-9.106135e-02
2.918503e-02
5.759024e-02
-1.074415e-01
-5.161962e-01
-9.192883e-01
-1.151225e+00
-1.162126e+00
-9.181255e-01
-4.958857e-01
-1.282259e-01
1.098838e-01
3.217768e-01
4.319518e-01
4.393893e-01
6.325258e-01
9.184916e-01
1.006131e+00
1.022047e+00
1.170523e+00
1.198171e+00
9.188129e-01
6.988354e-01
5.517483e-01
2.065714e-01
-4.872413e-02
5.173516e-03
1.934070e-01
4.148999e-01
4.835707e-01
4.847062e-01
3.077444e-01
2.159867e-01
4.347385e-01
6.595349e-01
8.573273e-01
1.176362e+00
1.264230e+00
1.038829e+00
6.275266e-01
2.391655e-01
-2.006353e-02
-2.042329e-01
-1.858185e-01
3.551540e-02
1.033261e-01
-7.589821e-02
-2.896742e-01
-4.529954e-01
-6.305537e-01
-6.856798e-01
-5.679017e-01
-4.663789e-01
-4.338655e-01
-3.717380e-01
-2.821346e-01
-2.063397e-01
-7.850550e-02
8.002763e-02
4.185583e-02
-1.635945e-01
-3.633056e-01
-4.849173e-01
-5.735727e-01
-5.608199e-01
-4.527029e-01
-3.586734e-01
-1.595565e-01
1.970809e-01
5.282699e-01
8.019692e-01
1.017324e+00
1.112218e+00
1.036490e+00
7.689765e-01
5.147415e-01
3.223016e-01
1.208500e-01
1.097887e-01
1.469193e-01
1.080739e-01
1.265961e-01
1.165763e-01
7.837955e-02
1.750299e-01
1.758594e-01
1.403930e-02
-7.911146e-02
-9.081678e-02
-1.980223e-01
-4.220352e-01
-5.807275e-01
-6.539521e-01
-7.742629e-01
-7.798669e-01
-7.598018e-01
-8.047361e-01
-7.320821e-01
-5.674542e-01
-4.662512e-01
-3.618759e-01
-3.188255e-01
-2.839961e-01
-1.063750e-01
4.273644e-02
1.320567e-01
2.947017e-01
4.565072e-01
4.126002e-01
2.688285e-01
2.129105e-01
1.286780e-01
4.167821e-02
6.385710e-02
1.361031e-01
9.082211e-02
1.327660e-02
4.532974e-03
-1.772185e-02
-1.655383e-02
1.749754e-02
9.837632e-03
-9.684698e-03
-1.316271e-01
-2.534311e-01
-3.124342e-01
-4.141279e-01
-5.292902e-01
-7.105892e-01
-8.749416e-01
-9.069315e-01
-9.152067e-01
-7.954652e-01
-4.771043e-01
-2.524470e-01
-8.120165e-02
4.271812e-02
8.079403e-02
7.537330e-02
1.175779e-01
2.708965e-01
4.636142e-01
5.560755e-01
5.196286e-01
3.183430e-01
-1.815768e-02
-3.149492e-01
-4.570046e-01
-5.155604e-01
-5.138923e-01
-5.333177e-01
-5.199443e-01
-5.723520e-01
-6.505091e-01
-5.689440e-01
-3.670639e-01
-7.043313e-02
2.205809e-01
3.318267e-01
3.254396e-01
2.959666e-01
1.839473e-01
6.956762e-02
9.829351e-02
1.354459e-01
1.500032e-01
2.634827e-01
3.843764e-01
4.744239e-01
5.853024e-01
6.873560e-01
7.179025e-01
6.709897e-01
5.892457e-01
4.286478e-01
3.117304e-01
3.730063e-01
4.386541e-01
3.935484e-01
1.714397e-01
-1.403828e-01
-3.234367e-01
-3.757623e-01
-3.118725e-01
-2.529273e-01
-2.712865e-01
-2.535281e-01
-3.032094e-01
-4.700224e-01
-5.456065e-01
-5.143663e-01
-5.119147e-01
-5.225774e-01
-3.978651e-01
-2.704910e-01
-3.153984e-01
-3.761074e-01
-3.591474e-01
-3.325667e-01
-4.626751e-01
-4.924889e-01
-3.051789e-01
-2.333232e-01
-2.809243e-01
-2.641068e-01
-3.085370e-01
-3.318058e-01
-2.825790e-01
-1.635098e-01
9.537491e-02
3.684195e-01
5.627779e-01
6.434914e-01
6.183675e-01
5.547245e-01
3.709663e-01
1.018974e-01
-4.635100e-02
-8.334807e-02
-5.957996e-02
2.587611e-03
-6.618042e-02
-1.232039e-01
-1.327314e-01
-1.668029e-01
-2.273865e-01
-3.150850e-01
-3.637038e-01
-3.417909e-01
-2.813498e-01
-1.476769e-01
6.845478e-03
1.745255e-02
-1.373755e-02
-3.272940e-02
-6.100714e-02
-1.793298e-02
1.335111e-01
2.574582e-01
2.528883e-01
2.003260e-01
1.750271e-01
8.129308e-02
-6.435136e-04
3.979765e-02
8.262876e-02
9.918462e-02
1.277013e-01
3.305371e-02
-1.203621e-01
-2.800337e-01
-4.741107e-01
-6.531119e-01
-8.512550e-01
-9.684057e-01
-9.253779e-01
-7.562543e-01
-6.077656e-01
-4.915798e-01
-3.311855e-01
-2.338694e-01
-2.133059e-01
-1.292362e-01
1.093618e-01
3.658523e-01
5.235528e-01
5.913389e-01
4.945494e-01
3.107998e-01
2.268532e-01
1.634554e-01
1.340196e-01
2.521368e-01
2.776432e-01
1.738078e-01
5.518203e-02
-3.168150e-02
-8.559641e-03
1.156947e-01
2.468680e-01
4.005001e-01
5.180346e-01
4.575113e-01
3.021924e-01
1.936115e-01
1.060622e-01
2.105067e-02
1.142412e-02
2.982341e-03
1.467052e-02
4.869866e-02
1.117060e-02
-5.546226e-02
-1.431096e-01
-2.924694e-01
-3.982323e-01
-4.387758e-01
-4.340397e-01
-4.154659e-01
-4.199217e-01
-3.280094e-01
-2.457358e-01
-2.691127e-01
-3.147436e-01
-3.857377e-01
-3.039377e-01
-1.245554e-01
-1.027966e-01
-7.023966e-02
2.636657e-02
2.957639e-02
-1.349879e-02
-3.818458e-02
2.032943e-02
1.060723e-01
1.248549e-01
2.035082e-01
3.135334e-01
3.551934e-01
3.672260e-01
3.293217e-01
2.780123e-01
2.179142e-01
5.206145e-02
-1.528506e-01
-3.076525e-01
-3.614827e-01
-4.053881e-01
-5.065678e-01
-5.409375e-01
-4.959631e-01
-4.616732e-01
-3.788878e-01
-2.847085e-01
-2.512509e-01
-2.656811e-01
-3.194972e-01
-3.566755e-01
-3.569497e-01
-3.696021e-01
-3.474803e-01
-3.711930e-01
-3.347964e-01
-2.540729e-01
-1.885264e-01
-1.212633e-01
5.023857e-02
1.757867e-01
1.544527e-01
1.389876e-01
2.209202e-01
3.147726e-01
3.771834e-01
3.378732e-01
3.427289e-01
3.618670e-01
3.039508e-01
3.004106e-01
2.958012e-01
2.332423e-01
2.507009e-01
2.732363e-01
2.299644e-01
2.231986e-01
2.540642e-01
2.209447e-01
2.286362e-01
2.716760e-01
3.173136e-01
3.055915e-01
2.207361e-01
1.570327e-01
1.640956e-01
1.019096e-01
3.154378e-02
-1.357947e-02
-2.935331e-02
1.756898e-02
2.979096e-02
2.972599e-02
3.231289e-02
-5.287941e-02
-1.264985e-01
-1.563658e-01
-1.612326e-01
-8.066781e-02
-1.117052e-02
1.080464e-02
6.909974e-02
3.271001e-02
-1.931176e-02
-1.709005e-02
-1.781990e-02
3.103493e-02
1.148103e-01
2.388653e-01
4.042922e-01
4.163235e-01
3.813850e-01
4.499607e-01
4.954039e-01
5.539675e-01
6.764668e-01
7.440388e-01
7.882363e-01
7.839593e-01
6.747672e-01
5.568161e-01
5.043293e-01
3.987822e-01
3.151504e-01
3.499031e-01
3.491730e-01
2.495154e-01
1.507437e-01
8.614855e-02
3.171809e-02
1.980272e-02
7.458719e-02
1.673850e-01
1.844342e-01
1.836171e-01
1.635903e-01
4.025471e-02
-4.636748e-02
-1.006467e-02
-1.177347e-02
-1.603318e-01
-3.090753e-01
-4.325971e-01
-5.771641e-01
-7.145467e-01
-6.994656e-01
-6.376374e-01
-6.414362e-01
-5.509192e-01
-3.882974e-01
-3.186297e-01
-2.209998e-01
-7.867142e-02
7.528482e-02
1.931257e-01
1.900002e-01
2.013792e-01
2.599074e-01
2.485609e-01
3.061547e-01
4.033341e-01
4.216389e-01
4.143850e-01
3.615408e-01
2.958838e-01
2.467292e-01
2.321878e-01
1.858904e-01
1.373323e-01
1.390132e-01
1.537208e-01
1.838603e-01
1.751120e-01
1.463478e-01
1.964358e-01
2.362227e-01
2.293226e-01
2.255555e-01
2.320147e-01
2.678337e-01
2.558289e-01
2.233195e-01
2.167607e-01
2.169003e-01
2.203620e-01
1.712267e-01
1.463413e-01
2.092574e-01
1.857427e-01
1.109317e-01
9.408473e-02
1.057343e-01
7.369815e-02
5.910153e-03
1.721401e-02
7.019108e-02
1.076124e-02
-7.672563e-02
-4.099660e-02
8.237636e-03
7.928511e-02
1.744970e-01
2.966565e-01
3.617368e-01
2.711212e-01
1.512578e-01
8.770076e-02
9.398269e-02
1.440744e-01
1.330270e-01
8.623431e-02
7.393648e-02
4.051093e-02
-1.838523e-02
1.258169e-02
6.882066e-02
3.473287e-02
2.273094e-02
1.029773e-01
1.629608e-01
1.089886e-01
3.365592e-02
7.412318e-02
8.336742e-02
3.746371e-03
-4.414345e-02
-8.548778e-02
-1.900409e-01
-3.102981e-01
-4.315919e-01
-5.325126e-01
-5.409919e-01
-4.745042e-01
-3.791158e-01
-2.332882e-01
-9.801637e-02
-7.952147e-02
-1.145834e-01
-9.606073e-02
-2.494761e-02
6.923914e-03
-5.802415e-02
-1.221796e-01
-1.250115e-01
-1.619384e-01
-3.064271e-01
-3.997429e-01
-4.252927e-01
-4.943365e-01
-5.439855e-01
-4.898993e-01
-4.349827e-01
-4.140353e-01
-3.476452e-01
-2.296107e-01
-1.708021e-01
-1.365713e-01
-7.363415e-02
-3.503329e-03
8.151208e-02
1.533348e-01
2.170199e-01
2.450760e-01
2.569303e-01
2.709929e-01
2.462149e-01
1.598741e-01
8.788139e-02
9.938513e-02
1.576560e-01
1.875566e-01
1.924205e-01
2.090226e-01
1.590192e-01
3.143641e-02
-5.620497e-02
-9.216594e-02
-1.142836e-01
-1.286874e-01
-1.406455e-01
-1.121559e-01
-1.519857e-01
-2.998401e-01
-3.678847e-01
-3.439550e-01
-3.449581e-01
-3.235582e-01
-2.619344e-01
-2.113463e-01
-1.853252e-01
-1.768857e-01
-2.070775e-01
-2.926400e-01
-3.697103e-01
-3.968643e-01
-4.440681e-01
-4.674866e-01
-4.319382e-01
-3.948126e-01
-4.021557e-01
-3.883146e-01
-3.978966e-01
-4.543011e-01
-4.569716e-01
-3.782908e-01
-3.116107e-01
-2.675417e-01
-2.312894e-01
-1.999506e-01
-1.519538e-01
-1.286135e-01
-1.179925e-01
-9.228646e-02
-6.554472e-02
-9.561719e-02
-1.265090e-01
-1.055999e-01
-1.330249e-01
-2.000563e-01
-2.145378e-01
-1.982484e-01
-2.060493e-01
-2.292961e-01
-1.855633e-01
-1.002584e-01
-5.254251e-02
3.220428e-03
6.980345e-02
1.104677e-01
1.270914e-01
1.159024e-01
1.054414e-01
1.191346e-01
7.434454e-02
-1.162696e-02
-7.306150e-02
-1.565163e-01
-1.832471e-01
-1.097620e-01
9.416381e-03
1.835167e-01
2.869705e-01
2.342559e-01
1.451508e-01
3.899985e-02
-6.488692e-02
-1.622367e-01
-2.281427e-01
-2.007779e-01
-1.596689e-01
-1.354120e-01
-9.921383e-02
-8.799795e-02
-7.781558e-02
-1.057671e-01
-1.579622e-01
-1.713391e-01
-1.871240e-01
-2.089891e-01
-2.540285e-01
-3.141344e-01
-3.090329e-01
-2.529219e-01
-1.985567e-01
-9.575443e-02
2.776659e-02
1.085606e-01
7.467167e-02
-3.317889e-02
-8.197081e-02
-5.095589e-02
1.627703e-03
1.075835e-01
1.633906e-01
1.915600e-01
2.020984e-01
1.715685e-01
1.531884e-01
2.250601e-01
2.538493e-01
2.423728e-01
2.822658e-01
3.342489e-01
2.936817e-01
2.535104e-01
2.890233e-01
3.348781e-01
3.095334e-01
2.347697e-01
1.535385e-01
1.119115e-01
7.498468e-02
7.683725e-02
1.663032e-01
2.257814e-01
2.077683e-01
2.057667e-01
1.913897e-01
1.623795e-01
1.137274e-01
1.313725e-02
-1.050856e-01
-2.035168e-01
-2.942035e-01
-3.677082e-01
-3.847616e-01
-3.131157e-01
-2.244290e-01
-1.605600e-01
-3.142762e-02
9.104274e-02
1.815434e-01
2.284452e-01
2.374758e-01
2.710503e-01
2.741667e-01
2.927323e-01
3.848291e-01
4.234054e-01
4.231134e-01
3.922104e-01
3.264056e-01
3.175266e-01
2.913324e-01
2.672955e-01
2.915339e-01
2.531824e-01
2.504971e-01
2.982730e-01
3.523299e-01
4.068692e-01
4.359253e-01
4.724557e-01
5.059602e-01
4.892786e-01
4.297838e-01
3.915400e-01
3.604175e-01
2.991479e-01
2.328961e-01
1.907575e-01
1.721662e-01
1.963091e-01
1.927693e-01
1.610869e-01
1.736096e-01
1.257886e-01
2.779404e-02
-2.742657e-02
-3.636460e-02
-4.350483e-02
-3.926779e-02
-5.848698e-02
-1.089539e-01
-1.370614e-01
-1.561880e-01
-2.153035e-01
-2.447863e-01
-2.106777e-01
-2.324489e-01
-2.867235e-01
-2.928712e-01
-2.512656e-01
-1.856590e-01
-1.518061e-01
-1.215589e-01
-6.074710e-02
-1.583153e-02
1.267547e-02
8.284546e-02
1.647158e-01
2.213830e-01
2.480043e-01
2.162331e-01
1.509144e-01
1.215214e-01
1.304991e-01
1.593413e-01
2.094272e-01
2.003318e-01
2.252597e-01
2.788597e-01
2.625188e-01
2.081733e-01
1.703174e-01
1.801590e-01
1.823744e-01
1.640722e-01
1.753772e-01
1.517450e-01
1.293056e-01
1.490079e-01
1.210102e-01
1.028143e-01
9.476668e-02
7.276788e-02
1.084854e-01
1.550948e-01
2.289600e-01
2.604241e-01
2.403449e-01
2.687766e-01
2.727253e-01
2.243643e-01
1.353517e-01
2.057620e-02
-6.441621e-02
-1.149637e-01
-1.665283e-01
-2.052051e-01
-2.127546e-01
-2.074076e-01
-1.720813e-01
-1.830199e-01
-2.002298e-01
-1.596813e-01
-1.613869e-01
-1.823046e-01
-1.557700e-01
-1.258734e-01
-9.977311e-02
-5.602373e-02
-2.728654e-02
-4.749429e-02
-9.623574e-02
-1.336466e-01
-1.855563e-01
-2.501370e-01
-2.541815e-01
-2.261266e-01
-2.169693e-01
-1.817952e-01
-1.142461e-01
-9.120360e-02
-9.543147e-02
-5.276681e-02
-2.918013e-02
-4.688001e-02
-3.961109e-02
-5.561905e-02
-1.025657e-01
-1.505561e-01
-1.511275e-01
-1.412928e-01
-1.362368e-01
-9.215541e-02
-8.044435e-02
-1.375538e-01
-1.919128e-01
-2.575029e-01
-3.267290e-01
-3.210571e-01
-3.167876e-01
-3.317878e-01
-3.127358e-01
-2.944980e-01
-2.497859e-01
-2.088645e-01
-2.252349e-01
-2.192484e-01
-2.363146e-01
-2.945067e-01
-3.683336e-01
-4.044739e-01
-3.837822e-01
-3.720013e-01
-3.132261e-01
-2.076561e-01
-1.506593e-01
-7.862189e-02
3.689813e-02
1.256338e-01
1.914918e-01
1.925654e-01
1.796852e-01
1.388674e-01
6.667044e-02
6.341343e-02
7.887700e-02
8.455281e-02
7.914016e-02
5.494224e-02
7.011720e-02
1.008824e-01
1.062321e-01
1.386270e-01
1.616656e-01
1.450763e-01
1.310045e-01
1.264262e-01
1.057204e-01
7.909487e-02
4.960676e-02
-8.091038e-04
-6.590711e-02
-1.213904e-01
-1.224055e-01
-7.473591e-02
-1.845073e-02
2.716950e-02
4.381671e-02
2.603672e-02
-1.393178e-03
-3.150256e-02
-5.754386e-02
-7.732410e-02
-7.154280e-02
-4.037281e-02
-7.555630e-02
-1.398339e-01
-1.850375e-01
-2.591540e-01
-3.185504e-01
-3.213108e-01
-3.045495e-01
-2.598526e-01
-2.205640e-01
-2.029953e-01
-1.543960e-01
-1.451253e-01
-1.872906e-01
-2.090778e-01
-2.076927e-01
-1.890817e-01
-1.925764e-01
-2.371312e-01
-2.554841e-01
-3.016456e-01
-3.725429e-01
-3.991317e-01
-3.701461e-01
-3.370495e-01
-3.151250e-01
-2.846383e-01
-2.646363e-01
-2.743736e-01
-2.652456e-01
-2.305059e-01
-1.632233e-01
-1.365463e-01
-1.682017e-01
-2.137992e-01
-2.419306e-01
-2.274472e-01
-1.809941e-01
-1.521220e-01
-1.374436e-01
-1.626663e-01
-1.498610e-01
-1.024849e-01
-9.285740e-02
-8.514453e-02
-4.847780e-02
-5.555562e-02
-9.180443e-02
-1.038197e-01
-7.598588e-02
-2.110931e-02
5.583771e-02
1.390744e-01
1.815309e-01
1.704836e-01
1.615339e-01
1.273930e-01
8.305391e-02
9.692863e-02
1.255282e-01
1.220655e-01
1.447060e-01
1.675784e-01
1.748606e-01
2.106139e-01
2.486783e-01
2.842919e-01
3.485101e-01
3.399516e-01
3.151108e-01
3.061740e-01
2.939922e-01
3.058541e-01
2.813640e-01
2.531765e-01
2.846487e-01
2.749269e-01
2.529867e-01
2.899027e-01
3.031005e-01
3.059360e-01
2.997994e-01
2.904389e-01
3.017318e-01
2.708643e-01
2.381616e-01
2.015914e-01
1.073869e-01
4.130028e-02
-2.959614e-03
-2.129029e-02
-8.260084e-03
7.065864e-03
1.346817e-02
3.342304e-02
1.073862e-01
2.108243e-01
2.312300e-01
2.220836e-01
2.263344e-01
2.120151e-01
1.677466e-01
1.363058e-01
1.415792e-01
1.624718e-01
1.665813e-01
1.686148e-01
1.885398e-01
1.508616e-01
5.609194e-02
-5.051736e-03
-3.203380e-02
-7.550678e-02
-8.253089e-02
-2.416340e-02
8.245001e-03
-1.415991e-02
-4.256897e-02
-4.236885e-02
-3.473643e-02
-3.549554e-02
-4.360329e-02
-5.228602e-02
-7.616186e-02
-9.552867e-02
-1.227753e-01
-1.368832e-01
-1.155628e-01
-1.037403e-01
-1.110340e-01
-7.609343e-02
-3.944176e-02
-3.495636e-02
1.124079e-02
8.022831e-02
8.829006e-02
9.644261e-02
1.073192e-01
1.136109e-01
1.169230e-01
9.092835e-02
7.209524e-02
7.458301e-02
9.400490e-02
1.355337e-01
1.666831e-01
2.231880e-01
3.176754e-01
3.417886e-01
3.212488e-01
3.122941e-01
2.457592e-01
2.167289e-01
2.527312e-01
3.051996e-01
3.502026e-01
3.562302e-01
3.268846e-01
3.218906e-01
2.821118e-01
2.362238e-01
2.425345e-01
2.687052e-01
2.573512e-01
2.270269e-01
1.846512e-01
1.242676e-01
6.975354e-02
-7.321773e-04
-6.293010e-02
-6.195157e-02
-3.783191e-02
-5.103109e-02
-5.695715e-02
-6.423882e-02
-5.402643e-02
-3.419033e-02
-5.446381e-02
-5.344954e-02
-4.300407e-03
1.048950e-02
1.419640e-02
8.013122e-02
1.526512e-01
1.679118e-01
2.017599e-01
2.471294e-01
2.581192e-01
2.295933e-01
1.510943e-01
1.104962e-01
1.285817e-01
1.090208e-01
1.157307e-01
1.531183e-01
2.080028e-01
2.963299e-01
3.335928e-01
3.405642e-01
3.754492e-01
3.711555e-01
3.355513e-01
3.308642e-01
3.409939e-01
3.183092e-01
2.937679e-01
2.532185e-01
2.303601e-01
1.721591e-01
9.073535e-02
6.455994e-02
5.110266e-02
3.161197e-03
-3.761128e-02
-6.201230e-02
-6.864814e-02
-7.811255e-02
-8.637632e-02
-9.328902e-02
-1.261626e-01
-1.799251e-01
-1.787432e-01
-1.424705e-01
-8.976989e-02
-5.956783e-02
-8.461699e-02
-1.261371e-01
-1.638736e-01
-2.034679e-01
-2.239068e-01
-2.250715e-01
-2.155337e-01
-2.195497e-01
-2.472358e-01
-2.354919e-01
-2.020555e-01
-2.174007e-01
-2.514050e-01
-2.594231e-01
-2.847111e-01
-3.398093e-01
-3.424325e-01
-2.993175e-01
-2.533298e-01
-2.411911e-01
-2.287114e-01
-1.802308e-01
-1.382299e-01
-1.421175e-01
-1.579412e-01
-1.335634e-01
-8.790036e-02
-9.549114e-02
-1.071025e-01
-6.263436e-02
-5.383777e-02
-1.231204e-01
-1.824852e-01
-2.149682e-01
-2.225927e-01
-2.301377e-01
-2.082923e-01
-1.663180e-01
-1.388931e-01
-1.466389e-01
-1.506270e-01
-1.622715e-01
-1.771878e-01
-1.596118e-01
-1.565682e-01
-2.057130e-01
-2.319724e-01
-2.446033e-01
-3.011588e-01
-3.422445e-01
-4.046551e-01
-4.281082e-01
-4.137280e-01
-4.703753e-01
-5.043239e-01
-4.184684e-01
-3.775977e-01
-3.652032e-01
-3.303310e-01
-2.691019e-01
-2.187735e-01
-2.306069e-01
-2.116482e-01
-1.277045e-01
-1.036842e-01
-1.114010e-01
-7.534978e-02
-4.177854e-02
-1.938312e-02
-1.847835e-02
-1.583749e-02
-1.197196e-02
-6.612294e-02
-1.066839e-01
-1.155778e-01
-9.752981e-02
-6.734966e-02
-7.712268e-02
-9.958613e-02
-8.663241e-02
-1.043926e-01
-1.113677e-01
-5.735396e-02
-1.851097e-02
-4.898521e-03
-3.753704e-03
-1.014712e-03
-5.315960e-04
-1.174715e-02
-2.877295e-03
2.827031e-02
4.797417e-02
8.063493e-02
1.070960e-01
1.085848e-01
1.081865e-01
5.976643e-02
-7.761173e-03
-5.033218e-02
-5.362443e-02
-5.321100e-02
-7.306523e-02
-7.054473e-02
-6.920278e-02
-8.993275e-02
-1.031650e-01
-8.996889e-02
-9.267003e-02
-9.411998e-02
-9.532860e-02
-1.086898e-01
-1.144567e-01
-1.045721e-01
-9.180079e-02
-1.249728e-01
-1.554451e-01
-1.475426e-01
-1.775216e-01
-2.441802e-01
-2.836377e-01
-3.065629e-01
-3.516661e-01
-3.986468e-01
-4.004985e-01
-3.687016e-01
-3.165310e-01
-2.481567e-01
-1.757224e-01
-1.438596e-01
-1.349987e-01
-1.361460e-01
-1.286789e-01
-8.142887e-02
-2.852688e-02
2.290546e-02
6.306198e-02
9.753538e-02
1.074897e-01
9.665516e-02
8.283670e-02
8.203588e-02
8.078089e-02
9.520290e-02
1.150446e-01
1.354595e-01
1.630721e-01
2.128540e-01
2.589901e-01
2.922236e-01
3.015676e-01
3.150952e-01
3.018363e-01
2.763478e-01
2.826966e-01
2.696205e-01
2.748262e-01
2.953053e-01
3.126140e-01
3.185117e-01
3.000588e-01
3.042293e-01
3.105034e-01
2.808918e-01
2.378528e-01
1.845131e-01
1.577817e-01
1.579619e-01
1.393680e-01
1.481801e-01
2.151595e-01
2.413449e-01
2.423035e-01
2.464333e-01
2.255122e-01
1.768283e-01
1.460586e-01
1.516188e-01
1.667835e-01
1.782530e-01
1.957403e-01
2.013065e-01
2.216063e-01
2.471700e-01
2.448640e-01
2.465102e-01
2.503765e-01
2.170019e-01
1.795989e-01
1.632000e-01
1.509021e-01
1.376173e-01
1.380311e-01
1.495578e-01
1.612861e-01
1.679917e-01
1.980675e-01
2.322091e-01
2.272838e-01
2.204950e-01
2.077724e-01
1.519396e-01
1.089373e-01
9.823353e-02
8.707459e-02
5.118586e-02
5.095828e-03
-4.034502e-02
-9.386545e-02
-1.399371e-01
-1.290292e-01
-1.115311e-01
-1.046647e-01
-7.614656e-02
-4.416842e-02
-4.890619e-02
-5.629293e-02
-4.109303e-02
1.038177e-02
2.979369e-02
2.562585e-02
5.554896e-02
6.811481e-02
4.395923e-02
3.912503e-02
5.145937e-02
6.019101e-02
5.856064e-02
3.608596e-02
1.542934e-02
7.323922e-03
-2.455109e-03
-3.382815e-03
5.143388e-03
1.916729e-02
5.728520e-02
7.911570e-02
8.162538e-02
9.669442e-02
7.729030e-02
3.390011e-02
1.115343e-02
-1.860323e-03
-1.929935e-03
-2.688501e-02
-5.103352e-02
-2.579774e-02
8.962835e-03
-1.166916e-04
-3.656168e-02
-5.319645e-02
-1.787848e-02
5.183493e-04
-1.757673e-03
3.737293e-03
1.756569e-02
-9.834535e-03
-3.439498e-02
-2.220688e-02
-8.909672e-03
-9.942953e-03
1.619094e-02
6.275474e-02
1.112957e-01
1.237651e-01
1.381261e-01
1.759125e-01
1.946011e-01
1.843760e-01
1.851347e-01
1.364688e-01
1.027645e-01
7.701379e-02
7.404387e-02
7.004384e-02
3.288014e-02
5.962619e-03
-1.549736e-02
-2.526349e-02
-8.608688e-03
-3.101051e-02
-4.025371e-02
-6.326791e-03
-1.510194e-03
-2.206719e-02
-4.895348e-02
-4.258934e-02
-2.669047e-02
-4.417125e-02
-2.296184e-02
4.079028e-03
1.048174e-02
-6.841478e-03
-5.298710e-02
-5.848784e-02
-5.115137e-02
-8.911363e-02
-1.071205e-01
-1.187801e-01
-1.362045e-01
-1.458309e-01
-1.638073e-01
-1.513741e-01
-1.221342e-01
-1.002809e-01
-8.516931e-02
-7.898935e-02
-7.085280e-02
-5.626743e-02
-6.166435e-02
-7.852421e-02
-8.926306e-02
-9.647197e-02
-8.063811e-02
-5.643654e-02
-5.078508e-02
-4.418769e-02
-2.601458e-02
-2.526880e-02
-1.391992e-02
-1.390274e-02
-2.833629e-02
-2.878787e-02
-3.753534e-02
-4.469406e-02
-3.981830e-02
-2.081080e-02
-4.669949e-03
1.028586e-03
-5.939397e-04
-2.654239e-02
-8.422593e-02
-1.037696e-01
-8.529612e-02
-8.208157e-02
-7.715428e-02
-9.627217e-02
-1.588229e-01
-2.163704e-01
-2.301917e-01
-2.430807e-01
-2.291539e-01
-1.917378e-01
-1.762514e-01
-1.683473e-01
-1.736344e-01
-1.555909e-01
-1.387583e-01
-1.049459e-01
-6.272235e-02
-6.232873e-02
-9.615962e-02
-1.261941e-01
-1.249581e-01
-1.097091e-01
-8.641399e-02
-7.988135e-02
-8.252606e-02
-8.438374e-02
-9.581048e-02
-8.644797e-02
-5.371602e-02
-3.747480e-02
-4.090503e-02
-7.465534e-02
-1.110828e-01
-1.229366e-01
-1.464557e-01
-1.301359e-01
-7.835911e-02
-4.743552e-02
-5.531627e-02
-9.007533e-02
-8.188480e-02
-5.439931e-02
-5.305383e-02
-3.872296e-02
-2.204221e-02
-2.806555e-02
-4.571243e-02
-8.339411e-02
-9.428297e-02
-9.829214e-02
-1.000238e-01
-1.013992e-01
-7.690538e-02
-3.712724e-02
-3.581503e-02
-8.686198e-02
-8.517248e-02
-6.735584e-02
-5.280651e-02
-2.674624e-02
1.097295e-02
8.992311e-02
1.342086e-01
1.246212e-01
1.308763e-01
1.427587e-01
1.742400e-01
1.865285e-01
1.778645e-01
1.852486e-01
1.886683e-01
1.652899e-01
1.526934e-01
1.880470e-01
2.342993e-01
2.296985e-01
2.128969e-01
2.015197e-01
1.717883e-01
1.373754e-01
1.311082e-01
1.496142e-01
1.452948e-01
1.107344e-01
7.431744e-02
3.456981e-02
-9.285768e-03
-3.835859e-02
-4.905840e-02
-4.664949e-02
-5.433361e-02
-5.267837e-02
-4.173809e-02
-5.023762e-02
-4.721174e-02
-6.402413e-02
-6.393382e-02
-8.465602e-02
-1.289478e-01
-1.064023e-01
-6.274181e-02
-4.200291e-02
-2.125604e-02
-2.615094e-02
-1.372075e-02
1.428281e-04
-7.413732e-03
1.600716e-02
4.091481e-02
2.178725e-02
3.026619e-03
-1.288010e-02
1.796997e-02
6.829775e-02
8.812719e-02
1.201976e-01
1.578109e-01
1.393592e-01
1.029375e-01
5.660104e-02
2.581985e-02
2.946562e-02
2.558915e-02
3.111731e-02
2.480471e-02
-1.301864e-02
-5.613044e-02
-7.297772e-02
-5.187812e-02
-2.615683e-02
-1.048618e-02
1.706095e-02
-6.810257e-03
-6.019648e-02
-5.666259e-02
-2.031614e-02
-1.619815e-02
9.616734e-03
4.128415e-02
3.833671e-02
2.087409e-02
2.251189e-02
5.119850e-02
7.435552e-02
1.060678e-01
9.874235e-02
4.979643e-02
2.826779e-02
4.727844e-02
4.654640e-02
5.063019e-02
4.389846e-02
3.122402e-02
-9.623373e-03
-5.620017e-02
-5.946152e-02
-2.130019e-02
7.516764e-03
9.843698e-03
-2.007304e-02
-3.380929e-02
-3.714989e-02
-3.022811e-02
-6.545824e-03
3.761149e-02
5.899554e-02
6.789689e-02
8.061889e-02
1.111562e-01
1.221660e-01
1.221960e-01
1.172792e-01
1.089126e-01
1.457394e-01
1.880096e-01
1.840802e-01
1.801362e-01
1.613496e-01
1.327237e-01
9.869325e-02
8.635867e-02
9.578755e-02
1.184545e-01
1.132472e-01
1.061663e-01
1.193534e-01
1.224084e-01
1.067453e-01
1.111728e-01
1.275948e-01
1.334231e-01
1.457270e-01
1.422618e-01
1.161961e-01
9.704223e-02
7.648238e-02
7.065717e-02
1.024578e-01
1.143603e-01
1.218596e-01
1.417855e-01
1.478272e-01
1.265555e-01
1.127556e-01
1.203490e-01
1.357050e-01
1.463357e-01
1.348228e-01
1.273009e-01
1.362946e-01
1.206227e-01
9.988493e-02
8.605488e-02
5.925949e-02
3.848877e-02
5.280422e-04
-3.210416e-02
-3.776028e-02
-5.783168e-02
-6.501463e-02
-5.158760e-02
-6.291531e-02
-1.188807e-01
-1.526228e-01
-1.581181e-01
-1.595493e-01
-1.817960e-01
-1.663620e-01
-1.366106e-01
-1.358639e-01
-1.489831e-01
-1.652529e-01
-1.785254e-01
-1.767778e-01
-2.053541e-01
-2.372870e-01
-2.279297e-01
-1.958315e-01
-1.945361e-01
-1.932070e-01
-1.675325e-01
-1.360537e-01
-1.428382e-01
-1.414961e-01
-1.001814e-01
-7.836813e-02
-8.190791e-02
-1.148648e-01
-1.679030e-01
-1.836048e-01
-1.789993e-01
-2.002535e-01
-1.931161e-01
-1.560674e-01
-1.241132e-01
-1.706965e-01
-2.153197e-01
-1.755925e-01
-1.346447e-01
-1.275337e-01
-1.148858e-01
-1.063358e-01
-1.073092e-01
-1.235985e-01
-1.342746e-01
-9.859888e-02
-5.711780e-02
-6.216329e-02
-5.869771e-02
-2.239751e-02
2.474773e-02
5.997174e-02
1.096511e-01
1.865677e-01
2.099879e-01
1.650140e-01
1.248082e-01
9.709515e-02
9.074670e-02
1.021968e-01
1.311399e-01
1.294405e-01
8.706241e-02
2.979153e-02
-1.467114e-02
-3.084371e-02
-2.564838e-02
-3.614554e-02
-2.787735e-02
-1.754763e-02
-2.806485e-02
-4.006879e-02
-4.887035e-02
-2.821775e-02
6.289672e-03
4.544668e-03
-1.563849e-02
-1.975456e-02
-4.156348e-02
-4.995804e-02
-3.996476e-02
-2.841304e-02
-1.581398e-02
-4.518191e-02
-7.008208e-02
-7.821810e-02
-7.153809e-02
-5.972332e-02
-3.214953e-02
-1.753822e-02
-4.297754e-02
-6.118335e-02
-5.158509e-02
-2.854481e-02
1.129796e-02
4.042156e-02
2.480516e-02
-6.307791e-03
-3.572416e-02
-7.034119e-02
-6.851861e-02
-5.661153e-02
-5.212344e-02
-6.930072e-02
-7.259927e-02
-6.036466e-02
-3.914025e-02
-2.028772e-02
-1.050066e-02
-1.011099e-02
-8.966397e-03
-3.253946e-02
-4.945359e-02
-4.629345e-02
-3.664842e-02
-2.953560e-02
-2.936325e-02
-3.724663e-02
-3.034999e-02
-1.971038e-02
-2.121863e-02
-2.761474e-02
-1.257967e-02
-2.930911e-02
-5.363460e-02
-3.878354e-02
-3.117838e-02
-3.472672e-02
-3.570294e-02
-6.145375e-02
-7.947515e-02
-8.085937e-02
-8.685379e-02
-6.802614e-02
-8.127202e-02
-8.540865e-02
-6.948733e-02
-6.715886e-02
-4.863164e-02
-3.137442e-02
-4.938087e-02
-5.505427e-02
-4.073773e-02
-5.159051e-02
-4.110559e-02
-2.118360e-02
1.189904e-02
4.270435e-02
5.400142e-02
6.054508e-02
3.693358e-02
4.354390e-02
4.577770e-02
6.030131e-02
8.685527e-02
9.868737e-02
9.195863e-02
1.040609e-01
1.180933e-01
1.181563e-01
1.054769e-01
9.776620e-02
1.178500e-01
9.311613e-02
3.284123e-02
-6.574955e-03
-2.483130e-02
-4.612437e-02
-3.138312e-02
-5.880523e-03
6.117981e-03
-1.876635e-03
-1.748296e-02
-2.209112e-02
-1.403551e-02
-4.687248e-03
1.153536e-02
4.057441e-02
5.586702e-02
5.486066e-02
5.097156e-02
4.957031e-02
4.073111e-02
4.049689e-02
6.015901e-02
7.695352e-02
8.130381e-02
8.787453e-02
8.464756e-02
6.261691e-02
3.157066e-02
3.094400e-02
3.465380e-02
3.087849e-02
2.090775e-02
2.614054e-02
4.062254e-02
4.253314e-02
4.195895e-02
3.637799e-02
2.966168e-02
2.006569e-02
1.496821e-02
1.909661e-02
2.312487e-02
3.730807e-02
3.280721e-02
1.055073e-02
-1.368367e-03
1.809877e-03
-7.104205e-03
-1.195815e-02
1.766133e-02
5.797374e-03
-4.073233e-02
-6.250476e-02
-5.255766e-02
-2.679109e-02
7.629446e-03
4.591338e-02
9.353045e-02
1.102703e-01
9.291471e-02
1.032893e-01
1.039722e-01
1.213815e-01
1.383578e-01
1.403355e-01
1.524774e-01
1.251485e-01
8.633090e-02
9.622625e-02
9.536414e-02
5.667977e-02
3.566354e-02
-7.335175e-03
-4.340634e-02
-6.602126e-02
-9.154759e-02
-9.796506e-02
-9.063172e-02
-8.568303e-02
-8.616791e-02
-1.094031e-01
-1.335561e-01
-1.482223e-01
-1.417677e-01
-1.250936e-01
-1.025029e-01
-1.237336e-01
-1.497293e-01
-1.415591e-01
-1.232898e-01
-1.226150e-01
-1.157135e-01
-4.866563e-02
-7.244560e-03
-5.403678e-03
1.218843e-02
3.711931e-02
-2.123947e-03
-3.117898e-02
-3.797634e-04
5.805456e-02
9.212735e-02
1.152986e-01
1.543301e-01
1.760998e-01
1.743960e-01
1.734358e-01
1.734316e-01
1.789772e-01
1.761443e-01
1.620589e-01
1.443436e-01
1.175887e-01
8.640737e-02
9.336507e-02
1.045240e-01
8.054366e-02
6.003410e-02
6.527920e-02
5.108902e-02
7.475219e-02
1.122150e-01
1.084629e-01
1.078832e-01
1.135933e-01
9.641202e-02
1.095471e-01
1.190062e-01
1.162612e-01
1.345906e-01
1.375242e-01
1.189679e-01
7.841270e-02
4.875966e-02
4.251288e-02
5.465143e-02
4.755807e-02
6.535611e-02
7.180447e-02
6.952518e-02
7.371971e-02
7.143601e-02
8.285405e-02
1.001223e-01
9.264883e-02
1.064428e-01
1.035006e-01
7.973279e-02
5.104798e-02
2.736787e-02
-1.403924e-02
-5.534744e-02
-8.751314e-02
-1.078962e-01
-1.335778e-01
-1.409902e-01
-1.157944e-01
-1.181328e-01
-1.045669e-01
-5.901486e-02
-5.228032e-02
-6.931381e-02
-7.082786e-02
-4.677023e-02
-2.585703e-02
-3.512807e-02
-3.059305e-02
-3.644270e-02
-5.756609e-02
-5.647990e-02
-5.804852e-02
-5.710750e-02
-3.477918e-02
-3.625934e-02
-4.563002e-02
-6.147884e-02
-8.993967e-02
-9.580736e-02
-5.891756e-02
-3.950437e-02
-5.614906e-02
-7.216549e-02
-6.643799e-02
-5.861896e-02
-6.234638e-02
-6.361197e-02
-6.121804e-02
-8.897446e-02
-9.909799e-02
-1.032628e-01
-9.854811e-02
-5.100907e-02
-5.217764e-03
1.301501e-02
3.543259e-02
1.502890e-02
-2.395490e-02
-3.310818e-02
-1.809889e-02
1.758063e-02
4.557411e-02
1.765911e-02
-1.856699e-02
-1.226092e-02
3.565101e-03
-1.612452e-03
1.926259e-02
9.023570e-02
1.166339e-01
8.548922e-02
8.546453e-02
8.867881e-02
7.455293e-02
6.966484e-02
5.756911e-02
4.117836e-02
1.529251e-02
9.117963e-03
1.223076e-02
6.250340e-03
1.376980e-02
4.645113e-03
-2.010613e-02
-1.084286e-03
6.583215e-03
2.604993e-02
5.481520e-02
4.932430e-02
3.454281e-02
1.548354e-02
-1.960506e-02
-1.545399e-02
3.008996e-02
3.750246e-02
8.412836e-03
-1.959215e-02
-3.600861e-02
-4.732290e-02
-2.701077e-02
7.896675e-03
2.724056e-02
8.807380e-03
-2.075395e-02
-3.299269e-02
-4.198088e-02
-3.668836e-02
-1.302697e-02
2.590727e-04
6.334983e-03
-2.364410e-03
-1.917596e-02
-1.210752e-02
-2.901368e-02
-4.119645e-02
-3.352390e-02
-4.841426e-02
-4.516111e-02
-6.194495e-02
-9.776908e-02
-8.334184e-02
-8.667115e-02
-1.126803e-01
-1.203429e-01
-1.263162e-01
-1.301423e-01
-1.324715e-01
-1.261214e-01
-1.208576e-01
-1.285805e-01
-1.545172e-01
-1.678253e-01
-1.772665e-01
-1.771183e-01
-1.611407e-01
-1.402788e-01
-1.060710e-01
-8.644769e-02
-7.882534e-02
-6.236951e-02
-4.295912e-02
-1.729295e-02
-3.727008e-03
-1.693900e-02
-2.307526e-02
-1.845142e-02
-3.606737e-02
-4.508561e-02
-2.799901e-02
1.724449e-05
1.328183e-03
1.148382e-02
1.269820e-02
2.476717e-02
3.746700e-02
2.508585e-02
2.677361e-02
5.081159e-02
4.481093e-02
2.357412e-02
1.504985e-02
7.495310e-03
2.229975e-02
4.066288e-02
6.945268e-02
8.520236e-02
7.173084e-02
5.776396e-02
3.838923e-02
7.718151e-03
4.172608e-03
-5.662918e-03
-9.813348e-03
-2.595794e-02
-4.311241e-02
-5.681143e-02
-7.020635e-02
-6.440164e-02
-5.550194e-02
-5.606585e-02
-3.903640e-02
-1.299169e-02
-1.021902e-02
-1.851979e-04
1.604405e-02
5.243899e-03
-2.107600e-02
-3.803363e-02
-4.447875e-02
-5.766442e-02
-5.649854e-02
-3.018983e-02
-1.767661e-02
-3.881771e-02
-5.121975e-02
-5.203597e-02
-5.022976e-02
-5.834883e-02
-5.596182e-02
-3.439796e-02
-6.121031e-02
-8.911742e-02
-5.568689e-02
-4.316101e-02
-1.382498e-02
3.140424e-02
3.636587e-02
8.450591e-02
9.003643e-02
3.926323e-02
1.177583e-01
1.143284e-01
5.334678e-02
7.547018e-02
8.868001e-02
9.996764e-02
4.699351e-02
-2.609584e-02
1.790589e-02
2.033716e-03
-9.314778e-03
2.675799e-02
-4.547321e-03
1.437753e-02
2.398660e-02
-4.786415e-02
-3.463444e-02
1.702566e-02
1.853384e-02
-1.998360e-02
1.725255e-02
1.241605e-01
1.263071e-01
5.423318e-02
7.264932e-02
7.065477e-02
4.433745e-02
-3.142403e-02
-5.687934e-02
3.296286e-02
8.564735e-02
1.365670e-02
-6.624762e-02
-1.022279e-01
-1.274546e-01
-1.197372e-01
-7.177871e-02
2.328373e-02
4.530988e-02
-4.267565e-02
-1.201278e-01
-8.140702e-02
1.361392e-02
7.267001e-02
6.657116e-02
3.900823e-02
1.418784e-02
-5.925781e-02
-1.644186e-01
-1.386635e-01
-5.543646e-02
-1.126684e-01
-1.628146e-01
-6.153402e-02
8.919990e-03
4.380058e-02
1.258983e-01
1.716260e-01
1.480719e-01
6.558238e-02
-1.212710e-02
-3.092157e-02
-4.995454e-02
-1.027611e-02
1.341847e-01
2.227794e-01
1.717341e-01
8.917357e-02
7.765938e-02
9.186070e-02
1.268273e-01
1.470256e-01
1.483919e-01
1.493558e-01
1.568670e-01
1.161131e-01
7.212242e-02
8.740120e-02
1.466622e-01
1.688760e-01
1.788088e-01
2.175399e-01
1.851055e-01
9.043605e-02
4.905940e-02
6.339670e-02
1.175371e-01
1.351964e-01
1.271575e-01
1.346641e-01
1.344882e-01
6.511509e-02
8.419031e-04
-2.716488e-02
-2.048292e-02
2.338412e-02
5.752623e-02
9.244980e-02
1.737761e-01
2.016253e-01
1.689319e-01
1.339160e-01
1.128230e-01
5.950549e-02
-4.125095e-02
-6.522609e-02
5.793666e-03
-3.404881e-02
-6.739678e-02
-1.011175e-02
1.777103e-02
2.801040e-02
4.227162e-02
3.003119e-02
5.004396e-02
3.999261e-03
-8.134648e-02
-5.581208e-02
-1.168305e-02
-4.318287e-02
-6.517667e-02
-4.711960e-02
-2.605871e-02
-1.213027e-02
-1.911968e-02
1.427985e-02
2.287034e-02
-5.640965e-02
-1.544983e-01
-1.610704e-01
-6.913511e-02
1.240043e-02
3.685320e-02
1.161678e-01
1.644056e-01
9.044609e-02
-2.202666e-02
-6.584744e-02
-6.003451e-02
-5.910620e-02
-9.046386e-02
-7.067624e-02
-5.681366e-02
-6.276184e-02
-5.611133e-02
-4.534512e-02
-1.063179e-02
2.393292e-03
-4.549576e-02
-5.858968e-02
-9.360726e-02
-1.307492e-01
-1.122572e-01
-9.923823e-02
-1.154475e-01
-1.250234e-01
-1.245536e-01
-1.093932e-01
-1.125783e-01
-1.110825e-01
-8.387435e-02
-9.522173e-02
-1.065545e-01
-9.194373e-02
-5.755918e-02
1.577688e-02
8.945017e-02
1.041311e-01
9.530230e-02
6.410336e-02
1.320670e-02
1.181176e-02
1.846383e-03
1.123865e-02
4.782223e-02
6.594753e-02
7.126002e-02
1.970105e-02
-2.382946e-02
-5.220136e-02
-1.064152e-01
-9.930467e-02
5.205589e-03
7.854814e-02
1.191877e-01
1.254048e-01
1.287800e-01
1.394126e-01
8.156185e-02
1.293996e-03
-2.324481e-02
2.370086e-03
-2.045888e-02
-6.777081e-02
-6.226375e-02
-2.699729e-02
-5.548734e-02
-6.445491e-02
-4.028304e-02
-6.037433e-02
-8.957790e-02
-1.279809e-01
-1.518304e-01
-1.286643e-01
-1.144910e-01
-8.516389e-02
-4.586162e-02
-3.363834e-02
-1.326804e-02
-2.733796e-02
-5.537796e-02
-4.851809e-02
-5.920035e-02
-6.043145e-02
-4.340552e-02
-4.691251e-02
-3.299323e-02
-4.415314e-02
-2.515090e-02
1.087927e-02
-4.149114e-02
-8.822034e-02
-9.890954e-02
-1.388557e-01
-1.231400e-01
-9.235269e-02
-7.434999e-02
-4.795067e-02
-5.167862e-02
-5.130768e-02
1.580653e-02
6.345398e-02
9.649316e-02
1.285968e-01
1.132548e-01
7.674573e-02
5.000786e-02
7.628557e-02
1.333617e-01
1.321972e-01
1.288579e-01
1.108427e-01
1.411266e-02
-6.662222e-02
-9.300229e-02
-8.213412e-02
-7.149689e-02
-3.536935e-02
-7.464068e-03
1.324301e-02
3.022813e-02
3.114026e-02
2.756676e-02
1.396640e-02
1.591955e-02
5.445996e-02
5.714385e-02
4.022863e-02
2.774915e-02
