7.493306e-03
3.285170e-03
5.440946e-03
3.281493e-03
3.174633e-03
-1.294365e-03
5.034863e-04
1.461656e-03
-2.603047e-03
-1.284356e-03
9.751956e-04
-6.322190e-03
6.917029e-04
-4.219000e-03
-4.321915e-03
-1.095855e-03
-3.145783e-03
-4.738760e-03
-9.186020e-04
-6.173675e-03
-1.424945e-03
-5.673803e-03
-3.530054e-03
-2.235137e-04
-9.272088e-04
-4.632736e-03
1.616634e-03
-2.641066e-03
-1.345901e-03
-1.773268e-03
3.216324e-04
-3.002476e-03
-5.757895e-04
-1.263380e-03
-1.911940e-03
-2.138769e-03
-2.023403e-03
-5.837537e-03
-2.834546e-03
-2.144870e-03
-3.407800e-03
-1.532442e-03
-3.209734e-03
-1.101419e-03
3.302591e-03
6.154938e-03
7.116756e-04
3.099904e-03
1.644517e-02
2.320620e-03
3.049045e-03
1.157352e-02
6.978873e-03
2.856608e-03
-2.663675e-03
-2.584798e-03
5.439336e-03
-7.546826e-03
-6.844946e-03
-2.071345e-03
-1.183821e-03
-5.772727e-03
-6.090813e-03
6.280496e-03
4.313258e-03
-5.203032e-04
-2.594614e-03
3.781060e-03
-2.151691e-03
-1.474747e-02
-4.349743e-03
-1.000110e-02
-1.565487e-02
-1.512560e-02
-1.785241e-02
-1.673533e-02
-1.500207e-02
-1.927669e-02
-1.273043e-02
-1.012855e-02
-1.840473e-02
-1.452592e-02
-1.752157e-02
-1.628876e-02
-2.054193e-02
-2.205648e-02
-1.901320e-02
-2.015249e-02
-2.119595e-02
-1.212228e-02
-1.725653e-02
-1.123761e-02
-6.007981e-03
-7.834502e-03
-1.385070e-03
3.972645e-03
-5.197210e-03
7.354601e-03
6.930563e-03
5.634870e-03
1.021642e-02
1.304790e-02
1.359217e-02
2.340338e-02
8.891942e-03
2.080211e-02
1.859979e-02
4.199835e-03
5.320855e-03
-2.308007e-03
1.870327e-03
-4.257625e-03
-6.710051e-03
6.126468e-03
9.497861e-03
8.470650e-03
2.968705e-02
2.732461e-02
3.746581e-02
3.727561e-02
3.682370e-02
3.409532e-02
2.952137e-02
3.338547e-02
2.540794e-02
2.406503e-02
2.715192e-02
2.458488e-02
2.658194e-02
2.706585e-02
3.212827e-02
3.586120e-02
3.392942e-02
3.792302e-02
3.801743e-02
3.149506e-02
2.935657e-02
2.630337e-02
1.993531e-02
1.003583e-02
1.769781e-02
2.002930e-02
1.831987e-02
2.110753e-02
2.757091e-02
2.461301e-02
1.430556e-02
1.687805e-02
1.449665e-02
8.943896e-03
7.958987e-03
9.796654e-03
2.923844e-03
-3.339902e-03
3.950088e-04
-4.227880e-03
-1.327376e-02
-9.471985e-04
-8.037158e-03
-1.401188e-02
-1.015975e-02
-1.292958e-02
-1.604071e-02
-1.825247e-02
-1.754792e-02
-4.208165e-03
-9.371519e-03
-3.683489e-03
6.271137e-04
-6.290978e-03
-4.513003e-03
-3.830306e-03
-3.901747e-03
-1.217359e-03
-5.294333e-03
-1.210394e-02
-1.511969e-02
-2.543543e-02
-2.458137e-02
-2.634076e-02
-2.085483e-02
-1.579157e-02
-1.338705e-02
-8.297805e-03
-2.792004e-03
-9.167868e-03
5.322396e-03
2.026393e-02
1.694297e-02
1.808294e-02
2.193978e-02
1.790715e-02
2.251960e-03
-2.268866e-03
-3.687263e-03
-6.321330e-03
-8.681255e-03
-1.073174e-02
-6.159217e-03
2.025276e-03
-1.594712e-02
-1.000039e-02
-1.289746e-03
2.611377e-03
9.924097e-03
2.096089e-02
2.808166e-02
2.957909e-02
2.303650e-02
1.633200e-02
9.937425e-03
9.208641e-03
8.349285e-03
1.533182e-03
-1.540527e-02
-2.866825e-02
-5.013229e-02
-4.917087e-02
-4.182419e-02
-2.746627e-02
-1.912239e-02
-7.779327e-03
-2.832998e-03
1.285230e-02
1.994963e-02
2.250547e-02
3.931751e-02
4.091418e-02
3.163471e-02
1.892606e-02
1.779120e-02
8.175067e-03
-6.992226e-04
-4.657596e-03
-1.376654e-02
-1.590733e-02
-2.242998e-02
-1.043012e-02
6.393447e-04
3.518293e-03
2.231189e-02
2.487876e-02
1.108167e-02
1.517549e-02
1.303109e-02
1.304340e-02
-1.789630e-02
-3.749754e-02
-2.935137e-02
-4.992895e-02
-4.772949e-02
-2.136148e-02
-1.759664e-02
6.913623e-03
-2.046095e-02
-1.365343e-02
4.438446e-02
3.619610e-02
5.377088e-02
3.290480e-02
-4.033933e-03
3.024709e-03
-6.036973e-02
-4.888869e-02
2.964739e-02
1.153379e-02
3.037161e-02
3.662996e-02
-2.249446e-02
-5.797534e-04
-4.821553e-03
1.179502e-02
6.922273e-02
9.910191e-02
1.147043e-01
7.132721e-02
4.423772e-02
2.534450e-03
-3.939461e-02
6.184001e-02
1.347712e-01
1.201736e-01
1.589067e-01
1.080034e-01
-7.873228e-02
-1.563592e-01
-1.429033e-01
-1.141399e-01
-1.127156e-01
-1.474399e-01
-1.587809e-01
-1.021613e-01
-1.599125e-01
-7.846776e-02
8.562294e-02
1.581304e-01
1.710636e-01
7.150001e-02
-5.428430e-02
-1.459983e-01
-1.705722e-01
-1.050000e-01
-1.371245e-01
-3.170213e-01
-2.356782e-01
-1.970265e-02
-1.258772e-01
-1.148370e-01
4.108333e-02
6.242918e-02
8.488704e-02
-2.706394e-02
1.494457e-01
3.328225e-01
5.184191e-02
-2.920348e-01
-3.082594e-01
-2.109834e-01
-1.913667e-01
-8.779632e-02
2.424856e-01
3.927303e-01
7.528757e-02
-1.278064e-01
-6.717996e-02
-3.412661e-02
5.589599e-02
9.435862e-02
1.824768e-01
8.976448e-02
-2.073530e-01
-1.605305e-01
7.456743e-02
2.645005e-02
1.009828e-01
3.194666e-01
2.927723e-01
3.419832e-02
-2.364423e-02
1.635239e-02
-3.335896e-02
-2.166566e-02
-7.240496e-02
-1.436226e-01
4.805314e-02
2.465762e-02
-1.447698e-02
3.130207e-01
2.657337e-01
-1.288570e-01
-1.949250e-01
-3.986404e-02
-1.417144e-02
-9.290581e-02
-2.238286e-01
-2.283489e-01
-2.588769e-01
-3.405721e-01
-2.542292e-01
5.100052e-02
1.867338e-01
-3.510999e-03
1.543101e-03
-9.773484e-02
-2.939867e-01
-4.591144e-02
1.272230e-01
7.451544e-02
1.787119e-01
1.255457e-01
-1.954843e-01
-4.207725e-01
-2.878310e-01
1.233637e-01
1.990095e-01
7.647514e-02
3.211567e-02
-4.125928e-02
-1.302638e-01
-1.670430e-01
1.167350e-01
2.895661e-01
1.760828e-01
1.253174e-01
1.222876e-01
4.528887e-02
-1.551080e-01
-1.141970e-01
7.519999e-02
9.513507e-02
4.367694e-02
5.021863e-02
4.262674e-04
-7.380925e-02
-5.876529e-02
-1.195409e-01
-2.031258e-01
-1.176992e-01
-8.581900e-02
-2.837511e-02
8.873069e-02
9.098585e-02
-4.484777e-02
-6.651617e-02
9.423367e-02
1.533823e-01
-5.478340e-02
-1.350287e-01
-4.755993e-02
-1.403648e-02
-7.361818e-02
-3.620907e-02
2.238043e-01
2.164889e-01
6.545131e-02
2.489858e-02
-7.686237e-02
-1.985303e-03
8.914223e-02
3.124657e-02
4.830200e-02
-1.192581e-02
-1.867793e-01
-1.657534e-01
-2.755490e-02
9.179105e-02
8.660981e-02
5.419915e-02
8.897095e-02
2.746066e-02
-1.111303e-01
-1.516845e-01
-5.458887e-02
2.385470e-02
-1.029060e-02
7.447543e-02
2.439384e-01
2.664719e-01
3.018391e-01
3.455803e-01
3.201143e-01
2.577203e-01
2.437183e-01
1.614820e-01
-1.073363e-02
-8.356607e-02
-1.445623e-01
-2.740116e-01
-2.302176e-01
-1.766433e-01
-1.576008e-01
-6.204661e-02
6.651495e-02
6.750166e-02
-1.582922e-02
-8.826578e-02
-8.455502e-02
-9.853008e-02
-9.901812e-02
-3.347441e-02
-4.612608e-02
-5.499719e-02
-2.115612e-02
1.501378e-01
2.098638e-01
1.700367e-01
1.826329e-01
9.478144e-02
-8.015421e-02
-1.264106e-01
-5.106278e-02
-2.502530e-02
-1.069142e-01
-1.506581e-01
-2.236297e-01
-3.091793e-01
-2.292440e-01
-1.753019e-01
2.892430e-02
2.336953e-01
1.459649e-01
3.769101e-01
4.351744e-01
1.734951e-01
3.301392e-01
3.332025e-01
1.352529e-01
-1.413094e-02
-3.111267e-02
1.573501e-01
3.070365e-01
2.851062e-01
4.001656e-02
-4.689387e-02
-2.677217e-01
-4.067504e-01
-8.572069e-02
7.642810e-03
2.081888e-02
3.084527e-01
-1.798765e-01
-6.365216e-01
-2.845792e-01
-1.201341e-01
7.072248e-02
3.740390e-01
3.284894e-01
3.983550e-01
2.251982e-01
-1.834452e-01
-6.294127e-02
1.370578e-01
-1.890625e-01
5.071238e-02
2.569969e-01
-3.571151e-01
-2.091001e-01
1.268351e-01
-2.275300e-01
-5.675928e-01
-4.006253e-01
-2.605573e-01
-1.801294e-01
5.115150e-02
1.144692e-01
1.104473e-01
6.175650e-02
1.095947e-01
-8.837315e-02
-8.261639e-02
8.869339e-02
1.309743e-01
3.844968e-02
-6.791843e-02
-2.273789e-01
-5.482558e-02
-4.799285e-02
-2.002724e-01
3.074785e-01
4.276934e-01
-3.342827e-01
-5.681131e-01
-1.626216e-01
-3.433417e-02
-1.606698e-01
3.724414e-01
8.425798e-01
3.568245e-01
-8.609258e-02
4.294273e-02
-2.661981e-01
-4.143618e-01
-1.942735e-01
-4.521897e-02
-1.583427e-01
-1.426105e-01
6.147534e-02
-2.473665e-01
-2.678901e-01
3.529668e-01
1.002858e-01
1.176053e-01
5.491938e-01
3.331136e-01
2.557635e-01
-6.280380e-02
-5.173748e-01
-2.872094e-01
-1.336952e-01
1.164049e-01
8.906817e-02
6.003341e-02
4.296508e-01
-7.424793e-02
-6.847156e-01
-6.182613e-01
-3.831791e-01
8.501151e-03
3.136978e-01
2.000674e-01
-7.023731e-02
-2.590688e-01
-2.296102e-01
7.744534e-02
4.377097e-01
6.826587e-01
6.024200e-01
2.891579e-01
-2.530005e-01
-6.815582e-01
-5.186995e-01
-1.964340e-01
1.479356e-01
3.713374e-01
-1.166093e-02
-3.752396e-01
-4.218211e-01
-1.150914e-01
3.293437e-01
3.041360e-01
3.631530e-01
5.843457e-01
2.664577e-01
-1.613861e-01
1.176025e-01
2.601999e-01
3.178177e-01
4.208020e-01
2.643764e-01
-3.241060e-02
-3.076088e-01
-4.644233e-01
-2.610945e-01
-1.586833e-01
-1.724396e-01
2.387395e-01
5.169322e-01
3.695685e-01
7.275093e-01
8.837352e-01
3.558561e-01
2.177565e-01
-2.994100e-02
-4.284099e-01
-5.705900e-02
5.649891e-02
-2.217907e-01
-2.182056e-01
-2.704109e-01
-7.408678e-01
-7.209305e-01
-1.138804e-01
4.285711e-01
6.109645e-01
5.956849e-01
3.325677e-01
3.498242e-02
-4.233107e-01
-3.174282e-01
3.299914e-01
2.874194e-01
-4.301405e-04
1.572650e-01
3.920109e-03
-3.212002e-01
-1.393555e-01
7.387914e-02
8.114542e-02
3.517735e-02
-5.476029e-01
-5.201185e-01
1.637220e-02
-2.197151e-02
-8.490571e-02
2.695275e-01
3.224749e-01
-4.558351e-02
-5.331340e-01
-5.994014e-01
-4.462565e-02
3.299922e-01
3.280980e-01
3.851021e-01
5.058716e-01
4.504350e-01
2.685351e-01
4.659227e-01
4.145897e-01
3.976268e-01
4.730805e-01
2.124629e-01
2.343184e-01
1.964344e-01
-6.793699e-02
-1.095482e-01
-2.716270e-01
-2.515412e-01
1.368679e-01
-2.752641e-01
-7.884894e-01
-5.826031e-01
-4.941570e-01
-9.034491e-01
-9.350077e-01
-8.474895e-02
3.206935e-01
2.962909e-01
4.744610e-01
4.074269e-01
1.936194e-01
-1.914285e-01
-3.076957e-01
-1.468959e-01
-3.050965e-01
-2.318766e-01
2.153385e-02
-6.314755e-01
-6.191440e-01
-3.409033e-01
-7.978249e-01
-6.375786e-01
2.832530e-01
3.741273e-01
5.606865e-01
8.986898e-01
9.232100e-01
5.090557e-01
-8.382832e-02
-3.820212e-01
-1.042012e-01
3.100636e-02
-1.614721e-03
2.356244e-01
3.246365e-01
-1.074791e-02
-5.537953e-01
-6.082479e-01
-1.279451e-01
-2.829942e-01
2.682235e-02
3.582533e-01
-3.705057e-01
-4.475278e-01
-1.350529e-02
2.008125e-02
5.787406e-01
9.444033e-01
8.232673e-01
4.172090e-01
-4.184154e-01
-6.091753e-01
-4.465294e-01
-6.740979e-01
-5.300681e-01
-1.376488e-01
-5.725455e-02
-8.184944e-02
1.741329e-01
3.487358e-01
6.753230e-01
1.157070e+00
7.383097e-01
3.543018e-02
4.501209e-02
-1.292184e-01
-4.862188e-01
-3.238758e-01
-3.081566e-01
-3.919941e-01
-5.695119e-01
-7.404309e-01
-5.083625e-01
2.877322e-02
2.550235e-01
2.434869e-02
1.522064e-01
2.721598e-01
-1.148811e-01
-4.411018e-01
-1.851962e-01
2.237903e-01
2.962154e-01
4.383538e-01
2.833502e-01
1.708745e-01
1.553923e-01
-1.419549e-01
-2.441807e-02
3.978169e-01
1.504796e-01
1.911995e-01
4.587466e-01
4.354961e-01
1.963660e-01
3.911750e-02
2.864703e-01
5.320524e-01
6.272836e-01
3.482965e-01
-1.308982e-01
-2.533726e-01
-4.250390e-01
-8.241424e-01
-6.463590e-01
-7.892561e-01
-9.574149e-01
-6.909631e-01
-8.788177e-01
-5.836774e-01
2.262992e-01
4.564243e-01
5.029999e-01
6.473445e-01
3.916593e-01
6.847769e-03
-5.211057e-02
2.485152e-01
2.600928e-01
2.879173e-02
-9.410523e-03
-1.852309e-01
-3.216569e-01
-7.177931e-02
9.415205e-02
1.006348e-01
-4.301150e-02
-5.541842e-02
2.568599e-01
5.486794e-01
3.590527e-01
4.776150e-02
2.703288e-01
3.991792e-01
1.466425e-01
-2.037618e-01
-7.917490e-01
-1.417549e+00
-1.425173e+00
-9.783565e-01
-5.898309e-01
1.163516e-01
7.071894e-01
6.237901e-01
5.540090e-01
5.048521e-01
4.215778e-01
4.920010e-01
6.258970e-01
1.031693e+00
1.073819e+00
2.356096e-01
-4.708936e-01
-4.404068e-01
-6.713722e-02
2.629247e-01
6.917191e-01
6.471637e-01
-2.065497e-01
-6.642554e-01
-8.015355e-01
-9.865827e-01
-6.950037e-01
-1.869044e-01
-3.318944e-01
-4.152728e-01
-2.427771e-01
-2.643874e-01
-1.265980e-01
2.008783e-01
1.513619e-01
-7.944331e-02
-2.851938e-01
-7.293868e-01
-8.776704e-01
-6.376558e-01
-1.022304e+00
-1.376522e+00
-9.647272e-01
-1.109463e+00
-1.059391e+00
-1.017120e-02
2.008631e-01
2.297040e-01
6.780815e-01
2.718942e-01
1.055642e-01
3.580685e-01
3.163340e-01
3.741395e-01
3.014138e-01
2.249430e-01
2.020465e-01
1.060904e-01
5.080128e-01
7.594094e-01
8.442914e-01
1.435986e+00
1.367370e+00
8.263949e-01
6.107657e-01
9.243546e-02
-4.871446e-01
-5.399575e-01
-1.824597e-01
-1.493135e-01
-7.494575e-01
-1.024738e+00
-5.641625e-01
-2.257606e-01
6.785783e-02
9.374364e-01
1.293349e+00
7.482779e-01
-1.433338e-01
-1.260335e-01
2.772304e-01
1.775320e-01
3.844651e-01
6.028188e-01
-2.502939e-02
-2.944226e-01
-1.951521e-01
-5.796675e-01
-6.865964e-01
-9.520704e-02
-3.549265e-01
-1.217464e+00
-5.877317e-01
-2.169804e-01
-9.706694e-01
-7.701898e-01
-5.423097e-01
-6.393495e-01
-2.725980e-01
-5.254711e-01
-3.742005e-02
1.308125e+00
1.194084e+00
5.627586e-01
4.716303e-01
4.212269e-01
1.247504e-01
1.304948e-01
5.664070e-01
1.072192e+00
1.156761e+00
4.520092e-01
-4.248018e-01
-1.758238e-01
2.712264e-01
-3.126892e-01
-1.164654e-01
2.454789e-01
-4.508650e-01
-5.432176e-01
-1.137763e-02
4.986843e-01
1.031442e+00
3.949947e-01
-5.937926e-01
-5.429180e-01
-5.184309e-01
-4.626099e-01
-5.841601e-02
3.370649e-01
3.301265e-01
1.163945e-02
7.753713e-02
7.859185e-01
1.014510e+00
1.414883e+00
1.189765e+00
-2.961711e-01
-7.566846e-01
-8.687217e-01
-9.595196e-01
-5.213267e-01
-6.602750e-01
-6.025372e-01
-3.320256e-01
-5.040156e-01
-1.983738e-01
5.813881e-01
5.066791e-01
-2.441207e-01
-3.717103e-01
-6.022077e-01
-1.351612e+00
-9.114577e-01
2.812066e-01
7.163571e-01
9.495270e-01
1.538742e+00
1.242561e+00
2.640675e-01
-1.548128e-02
1.101748e-02
-3.569547e-01
-6.668015e-01
-1.027176e+00
-7.783975e-01
-3.276208e-01
-7.229183e-01
-3.032894e-01
7.222632e-01
6.731888e-01
1.538347e-01
-1.956220e-01
2.993813e-01
5.287150e-01
7.275086e-01
2.948766e-01
-3.517538e-01
-6.151837e-01
-1.614098e-01
-2.144740e-01
3.339405e-01
1.087925e+00
1.237921e+00
6.732284e-01
-1.171021e-01
-5.044163e-01
-8.152295e-02
7.441532e-01
6.521786e-01
1.546988e-01
1.212122e-01
-1.166195e+00
-2.266169e+00
-1.682093e+00
-1.960827e+00
-1.170259e+00
7.642011e-01
3.549181e-01
4.900170e-01
6.530680e-01
-1.406228e-03
-1.054678e-01
1.559332e-01
6.633155e-01
1.085386e+00
1.145287e+00
1.049801e+00
1.415274e+00
1.771055e+00
1.038234e+00
5.740940e-01
3.767643e-01
-6.235719e-01
-2.762410e-01
2.555223e-01
-4.973855e-01
-8.867065e-01
-6.838134e-01
-8.005322e-01
-8.993386e-01
-5.137126e-01
-2.910533e-01
-6.807010e-01
-5.007958e-01
-4.186746e-01
-1.363429e+00
-9.474391e-01
8.258802e-01
7.959810e-01
8.482244e-02
5.472273e-01
5.332208e-01
-1.856915e-01
-6.607837e-02
9.407695e-01
1.957910e+00
2.138593e+00
7.498284e-01
-4.371886e-01
-2.759077e-01
-4.911014e-01
8.792495e-02
5.022656e-01
3.223329e-01
8.714920e-01
-1.134915e+00
-3.508598e+00
-2.526355e+00
-1.423090e+00
-5.135385e-01
7.555275e-02
5.235382e-01
9.095219e-01
-3.285091e-01
-1.222749e+00
-6.666048e-01
-2.025321e-01
2.520104e-01
2.100662e-01
-5.962526e-01
-1.603002e-02
7.221698e-01
3.273349e-01
-1.311294e-01
4.254842e-01
6.792389e-01
-4.086022e-01
-1.429308e+00
-7.477269e-01
5.279876e-01
9.292035e-01
3.203346e-01
1.455322e-01
1.308689e+00
1.276040e+00
1.106241e+00
1.869869e+00
1.274546e+00
-3.768340e-01
-1.741277e+00
-2.336804e+00
-7.281234e-01
1.437758e+00
9.166638e-01
6.040204e-01
1.445837e+00
6.652311e-01
-3.340247e-02
5.158770e-01
9.565786e-01
8.946121e-01
8.020298e-02
-1.378824e+00
-1.780376e+00
-1.808034e+00
-1.285486e+00
-6.280157e-02
7.990720e-01
4.207729e-01
-1.104613e+00
-2.072107e+00
-1.421870e+00
1.845205e-02
4.325500e-01
5.563723e-01
7.413633e-01
2.144946e-02
-3.358976e-01
7.378581e-01
1.385360e+00
8.158201e-01
1.056554e+00
7.948320e-01
-4.680727e-01
-9.884760e-01
-1.054837e+00
-4.658584e-01
7.761001e-01
1.033648e+00
1.204089e+00
1.093618e+00
-2.531394e-01
4.463878e-01
1.969115e+00
1.001266e+00
4.995173e-01
6.768103e-01
-1.431448e+00
-1.949094e+00
-5.923840e-01
-9.763245e-01
-8.571633e-01
1.674835e-01
-1.902137e-01
-4.780458e-01
-3.974639e-01
-5.362687e-01
-7.889743e-02
1.107683e+00
2.300723e+00
1.845692e+00
8.545682e-01
6.296970e-01
-2.203193e-01
-4.028238e-01
6.083076e-01
6.864019e-02
4.286146e-01
1.638944e+00
3.230229e-01
-8.297938e-01
-7.561470e-02
-1.506158e-01
-7.439603e-01
-4.295156e-01
-5.800990e-01
-1.742327e+00
-2.132692e+00
-1.934378e+00
-1.690279e+00
-7.250091e-02
1.109795e+00
2.694591e-01
1.410658e-01
5.301953e-01
-2.261261e-01
-1.195915e+00
-1.033800e+00
-1.223828e+00
-1.832991e+00
-1.423242e+00
-1.304183e+00
-1.542509e+00
3.061688e-01
1.372887e+00
8.902285e-01
7.172425e-01
-3.956546e-01
-1.883989e+00
-1.253117e+00
-3.296522e-01
-3.756577e-02
1.184417e+00
1.998640e+00
1.401770e+00
1.190731e+00
1.990957e+00
2.136009e+00
1.761449e+00
2.334956e+00
3.127799e+00
2.425960e+00
1.166237e+00
1.028120e+00
7.681066e-01
7.708633e-01
1.085934e+00
-2.787344e-01
-1.817211e+00
-1.785893e+00
-1.876883e+00
-2.162472e+00
-2.147726e+00
-2.581086e+00
-2.877675e+00
-2.747545e+00
-1.935143e+00
-7.386320e-01
3.639849e-01
1.447815e+00
1.156846e+00
1.248516e-01
2.528981e-01
5.988388e-01
9.045174e-02
5.925386e-01
1.363352e+00
9.055460e-01
1.366086e-01
4.304992e-02
9.959407e-02
-3.925365e-02
4.334771e-01
3.928539e-01
-1.463376e-01
5.228309e-01
1.437332e+00
1.041706e+00
9.039416e-01
9.653522e-01
5.091662e-03
-9.605747e-01
-1.149210e+00
-1.257374e+00
-1.133690e+00
-7.442359e-01
-7.485917e-01
-6.184002e-01
-3.072321e-01
-1.468681e-01
-1.723943e-02
2.976018e-01
1.003480e+00
1.269184e+00
8.138739e-01
5.083342e-01
1.409187e-01
7.410569e-02
5.903643e-01
8.066062e-01
1.070973e+00
1.394218e+00
6.532978e-01
-2.943022e-01
-4.315940e-01
-9.525763e-01
-1.540928e+00
-1.131584e+00
-4.364751e-01
1.696371e-01
3.514938e-01
6.408099e-01
9.148416e-01
4.524537e-01
3.956121e-01
7.069407e-01
2.720931e-01
-7.076627e-02
-3.327876e-01
-6.897758e-01
-1.020637e+00
-1.440555e+00
-1.642257e+00
-1.324581e+00
-8.959813e-01
-3.579558e-01
-3.731345e-02
4.914239e-03
-7.772534e-01
-1.448491e+00
-1.722130e+00
-1.794307e+00
-9.640914e-01
-1.051298e-02
-5.476698e-01
-1.068510e+00
-7.810688e-01
-4.604114e-01
-1.131257e-01
4.684571e-01
1.014986e+00
1.467456e+00
1.724451e+00
2.172184e+00
2.541075e+00
2.578866e+00
2.349688e+00
1.582237e+00
5.601135e-01
5.930295e-01
6.276757e-01
-1.532761e-01
-3.461813e-01
-3.336440e-01
-1.765076e+00
-3.133764e+00
-2.930225e+00
-2.133381e+00
-1.764034e+00
-1.103971e+00
-5.059739e-01
-1.277700e+00
-1.644945e+00
-1.090471e+00
-2.229204e-01
1.045973e+00
1.753964e+00
1.476672e+00
1.234854e+00
7.073576e-01
-1.787268e-01
-3.912709e-01
-4.620925e-01
-3.856601e-01
-6.944353e-01
-1.802746e+00
-2.223691e+00
-1.803170e+00
-1.283687e+00
-9.124218e-01
-7.307723e-01
-3.268090e-01
-3.287200e-01
-4.420041e-01
4.940324e-01
1.893931e+00
2.647873e+00
2.793760e+00
2.971473e+00
3.036007e+00
2.592969e+00
2.496623e+00
2.513723e+00
2.336116e+00
2.325705e+00
1.728654e+00
8.303719e-01
5.091285e-01
-8.327973e-02
-9.446328e-01
-1.449298e+00
-1.985612e+00
-2.540409e+00
-3.055736e+00
-3.257048e+00
-3.189776e+00
-2.713971e+00
-2.206985e+00
-1.897691e+00
-1.628630e+00
-1.443535e+00
-1.433918e+00
-9.523121e-01
-4.175477e-01
-1.530637e-01
4.380303e-01
6.482675e-01
3.846258e-01
7.389347e-01
1.130677e+00
1.189421e+00
1.688429e+00
1.763711e+00
1.054477e+00
2.521858e-01
-1.378721e-01
-5.230901e-01
-1.084219e+00
-1.424642e+00
-1.284601e+00
-1.394545e+00
-1.630243e+00
-1.265506e+00
-6.959050e-01
-1.015983e-01
3.390850e-01
1.673496e-01
-3.024826e-01
-2.391202e-01
3.903832e-01
1.049639e+00
1.395425e+00
1.894907e+00
2.529354e+00
1.963379e+00
4.137521e-01
-4.649858e-01
-7.422145e-01
-1.024303e+00
-5.690502e-01
2.410804e-01
7.428080e-01
9.070866e-01
7.153755e-01
3.164118e-01
2.391070e-01
6.222130e-01
6.922009e-01
5.889073e-02
-1.549937e-01
-3.551212e-01
-1.041276e+00
-1.187119e+00
-9.267599e-01
-8.640801e-01
-6.365386e-01
-3.476992e-01
-2.365779e-01
-9.860476e-02
1.362967e-01
2.350308e-01
5.139794e-01
9.378596e-01
1.355481e+00
1.793278e+00
2.401251e+00
2.267341e+00
1.417813e+00
6.131947e-01
-1.521579e-01
-5.057609e-01
-1.951000e-01
1.397361e-01
4.912183e-01
9.338591e-01
9.710921e-01
1.376935e+00
1.903112e+00
1.710041e+00
1.213950e+00
7.379825e-01
5.232307e-01
9.449156e-01
1.374620e+00
1.454437e+00
1.158874e+00
4.848435e-01
-1.745359e-01
-1.015315e+00
-2.009686e+00
-2.351107e+00
-2.069164e+00
-1.385843e+00
-6.423336e-01
-3.544935e-01
-2.593000e-01
-8.960147e-01
-2.008597e+00
-1.617719e+00
-5.074728e-01
1.014698e-01
2.319110e-01
1.914939e-01
-2.395302e-02
-6.484131e-01
-5.551893e-01
3.430263e-01
5.647754e-01
5.306539e-01
9.159217e-01
8.341075e-01
8.658855e-01
1.444949e+00
2.061226e+00
2.328221e+00
2.358460e+00
2.410942e+00
2.322714e+00
1.953769e+00
1.422124e+00
-6.855293e-02
-1.421680e+00
-1.695289e+00
-1.561804e+00
-8.602738e-01
3.134904e-01
8.113059e-01
7.585801e-01
5.575186e-01
6.139363e-01
1.398886e+00
1.967841e+00
1.595465e+00
6.758244e-01
-4.334468e-01
-1.343643e+00
-2.426432e+00
-3.153002e+00
-3.097554e+00
-2.935237e+00
-3.105008e+00
-2.953952e+00
-2.453914e+00
-1.846873e+00
-1.272638e+00
-9.199701e-01
6.863138e-02
1.126552e+00
6.817381e-01
-6.267691e-01
-1.291297e+00
-1.525558e+00
-1.443003e+00
-1.385726e+00
-6.033385e-01
2.852642e-01
-7.327176e-01
-2.389360e+00
-2.648873e+00
-3.196438e+00
-3.370435e+00
-2.202332e+00
-9.464528e-01
-8.255550e-02
4.814332e-01
1.559569e+00
2.615235e+00
2.093618e+00
1.759221e+00
1.971242e+00
6.573855e-01
-8.402374e-01
-4.163117e-01
1.295808e+00
2.629806e+00
3.372891e+00
3.428971e+00
2.197798e+00
1.184318e+00
9.169866e-01
3.190815e-01
5.114678e-01
1.419910e+00
7.131520e-01
-9.123438e-01
-1.682509e+00
-1.666603e+00
-7.715632e-01
7.656390e-01
1.593128e+00
2.217219e+00
2.928581e+00
3.186225e+00
2.827079e+00
2.340338e+00
1.849244e+00
4.169893e-01
-1.218707e+00
-1.075395e+00
-7.023742e-02
-6.497374e-01
-2.132097e+00
-2.762308e+00
-2.857841e+00
-2.378484e+00
-1.669598e+00
-2.151703e+00
-2.910894e+00
-3.797069e+00
-4.783543e+00
-5.336258e+00
-5.222906e+00
-3.950633e+00
-1.479024e+00
1.412646e-01
5.291148e-01
7.818657e-01
3.569472e-01
-3.322813e-01
1.174220e-01
8.410562e-01
1.200021e+00
1.091358e+00
5.715051e-01
6.857655e-01
1.758451e+00
2.445162e+00
2.215957e+00
1.809433e+00
2.090381e+00
3.062672e+00
3.516741e+00
3.238464e+00
3.292784e+00
3.200655e+00
2.311951e+00
1.547069e+00
1.187034e+00
1.087394e+00
1.272324e+00
1.202312e+00
5.083942e-01
-3.645446e-01
-9.535145e-01
-1.706798e+00
-1.994512e+00
-2.564635e-01
1.415663e+00
1.094044e+00
-2.930802e-01
-1.437032e+00
-1.829291e+00
-1.859693e+00
-1.558538e+00
-5.940610e-01
4.977222e-01
1.162660e+00
1.315630e+00
1.188324e+00
7.779679e-01
2.896235e-01
3.588740e-01
6.233562e-01
5.410425e-01
5.032949e-01
2.287231e-01
-4.350638e-01
-5.494376e-01
-4.485577e-01
-5.315070e-01
-5.983696e-01
-2.862788e-01
1.234135e-02
-4.372629e-01
-1.411220e+00
-1.909071e+00
-1.734318e+00
-1.001502e+00
-4.300866e-01
-3.402239e-01
-7.030959e-01
-1.042193e+00
-7.211448e-01
3.960558e-01
1.226549e+00
6.065507e-01
-4.728449e-01
-5.888133e-01
-3.238376e-01
3.630047e-01
1.361113e+00
1.551805e+00
8.564537e-01
4.380830e-01
4.468714e-01
5.606635e-01
5.260146e-01
4.007100e-01
2.108917e-01
-4.969295e-01
-1.167735e+00
-1.236184e+00
-1.511714e+00
-1.473360e+00
-5.308824e-01
-1.197838e-01
-7.664059e-01
-1.844800e+00
-2.596269e+00
-2.515853e+00
-2.218009e+00
-2.063894e+00
-1.356002e+00
-6.615605e-01
-1.528277e-01
5.168360e-01
1.100107e+00
1.667970e+00
2.342277e+00
2.542438e+00
2.433659e+00
2.095875e+00
1.640050e+00
1.357842e+00
1.362043e+00
1.391923e+00
1.462096e+00
1.445358e+00
8.663124e-01
2.652349e-01
2.093220e-01
4.824851e-01
5.632457e-01
4.455034e-01
5.521468e-01
8.967452e-01
9.950548e-01
1.124421e+00
1.764540e+00
2.426093e+00
2.138712e+00
7.784510e-01
-6.973508e-01
-1.548868e+00
-1.732219e+00
-1.198519e+00
-5.813003e-01
-2.368098e-01
-3.572135e-01
-1.200590e+00
-2.025776e+00
-1.931613e+00
-1.113875e+00
-1.011316e-01
6.006147e-01
9.511536e-01
6.498055e-01
-5.192889e-01
-1.437224e+00
-1.425150e+00
-1.052564e+00
-5.472490e-01
-2.336416e-01
-1.883792e-01
3.018928e-02
-8.023552e-02
-5.612065e-01
-6.471413e-01
-4.233601e-01
-4.690173e-01
-9.205114e-01
-1.239791e+00
-1.333660e+00
-1.729716e+00
-2.463704e+00
-2.822021e+00
-2.561464e+00
-1.910369e+00
-9.001872e-01
1.362208e-01
9.388371e-01
1.391057e+00
8.618845e-01
9.977380e-02
1.602775e-02
5.354761e-01
1.392198e+00
2.335784e+00
2.983249e+00
3.006237e+00
2.358792e+00
1.238022e+00
2.293230e-01
3.624665e-01
1.416013e+00
2.174932e+00
2.191695e+00
1.682413e+00
9.433817e-01
3.193249e-01
1.120664e-01
2.505068e-01
4.974913e-01
8.205701e-01
8.825640e-01
4.260164e-01
-2.063650e-01
-8.622182e-01
-1.681532e+00
-2.628732e+00
-3.208247e+00
-3.300345e+00
-3.357514e+00
-3.229924e+00
-2.493521e+00
-1.912968e+00
-1.930258e+00
-1.963724e+00
-1.735281e+00
-1.230033e+00
-7.551717e-01
-2.896026e-01
-4.190318e-02
-6.233997e-02
-2.002326e-02
5.480994e-02
-3.430379e-02
-1.517534e-01
-2.294878e-01
-1.529394e-01
-5.707861e-02
-5.361010e-02
1.577883e-01
4.621260e-01
6.596739e-01
1.104352e+00
1.456650e+00
1.293435e+00
1.241819e+00
1.322286e+00
1.151753e+00
6.135217e-01
7.234077e-02
-2.278164e-01
-1.514265e-01
4.291278e-01
1.165300e+00
1.557932e+00
1.662664e+00
1.615999e+00
1.376645e+00
9.276836e-01
8.737893e-01
1.007205e+00
7.397161e-01
4.999491e-01
3.756950e-01
1.138750e-01
3.525408e-01
7.651832e-01
7.800467e-01
7.017577e-01
6.969696e-01
3.652945e-01
-2.568347e-01
-8.112203e-01
-1.395588e+00
-2.044491e+00
-2.065603e+00
-1.441115e+00
-1.186439e+00
-1.691677e+00
-1.994296e+00
-1.874773e+00
-1.830205e+00
-1.772284e+00
-1.777172e+00
-1.838832e+00
-1.890582e+00
-1.938093e+00
-1.895317e+00
-1.648901e+00
-1.068810e+00
-4.980478e-01
-7.109376e-02
7.135351e-01
1.111643e+00
8.949336e-01
1.020925e+00
1.152020e+00
1.010498e+00
9.422670e-01
7.867972e-01
4.686257e-01
1.950671e-01
2.526044e-01
5.550673e-01
6.567427e-01
8.638939e-01
1.563455e+00
1.970025e+00
1.571082e+00
1.057797e+00
7.503347e-01
3.862692e-01
3.910499e-01
7.878654e-01
1.046425e+00
1.265408e+00
1.296212e+00
6.133042e-01
-3.583563e-01
-8.339306e-01
-6.921840e-01
-5.667682e-01
-3.262139e-01
-1.661539e-01
-6.489278e-01
-9.588454e-01
-6.640137e-01
-3.511730e-01
1.072422e-01
4.613348e-01
9.434992e-02
-5.320004e-01
-4.698534e-01
2.589876e-02
3.759815e-01
8.325611e-01
1.277586e+00
1.215666e+00
8.214178e-01
4.231500e-01
2.717954e-01
5.443855e-01
7.890670e-01
2.949682e-01
-5.134980e-01
-1.192653e+00
-1.684498e+00
-1.625627e+00
-9.502448e-01
-3.800672e-01
2.388725e-02
2.005408e-01
-1.558889e-01
-6.325336e-01
-6.426638e-01
1.147273e-02
8.412603e-01
1.291305e+00
1.563726e+00
1.582030e+00
1.406335e+00
1.345361e+00
1.675857e+00
2.093842e+00
2.279476e+00
2.220371e+00
1.889687e+00
1.497773e+00
1.491087e+00
1.378025e+00
9.519234e-01
7.380579e-01
6.800471e-01
4.225616e-01
-3.524212e-02
-4.204006e-01
-7.133528e-01
-1.168940e+00
-1.661425e+00
-2.025444e+00
-2.242132e+00
-2.260114e+00
-2.214436e+00
-2.216513e+00
-2.200991e+00
-2.145227e+00
-1.978524e+00
-1.611064e+00
-9.680415e-01
6.981707e-02
9.003078e-01
1.217182e+00
1.299140e+00
1.298732e+00
1.350066e+00
1.389762e+00
1.383170e+00
1.547849e+00
1.414152e+00
8.011142e-01
1.220791e-01
-2.342730e-01
-2.745570e-01
-3.629391e-01
-5.032815e-01
-4.277478e-01
-4.709378e-01
-5.257339e-01
-2.230739e-01
-8.648065e-02
-3.064009e-01
-6.170705e-01
-8.854479e-01
-1.187139e+00
-1.228586e+00
-1.064790e+00
-1.168337e+00
-1.385252e+00
-1.413583e+00
-1.651241e+00
-1.835367e+00
-1.627859e+00
-1.212517e+00
-7.534347e-01
-4.105936e-01
-1.943268e-01
3.603447e-02
2.267231e-01
4.174014e-01
7.311343e-01
1.064260e+00
1.142862e+00
1.024283e+00
9.670814e-01
1.132517e+00
1.483103e+00
1.833056e+00
1.913031e+00
1.607673e+00
1.101623e+00
6.879923e-01
4.037515e-01
2.647483e-01
1.292126e-01
-1.153826e-01
-3.984385e-01
-6.189678e-01
-6.527704e-01
-7.028151e-01
-8.550619e-01
-1.035391e+00
-1.350487e+00
-1.507437e+00
-1.458502e+00
-1.336805e+00
-9.891316e-01
-5.711573e-01
-1.143450e-01
3.323272e-01
5.845221e-01
6.401950e-01
4.809568e-01
2.151411e-01
5.926754e-02
2.347230e-02
4.114720e-02
-4.106014e-02
-2.140567e-01
-3.535570e-01
-4.806985e-01
-6.232208e-01
-6.502902e-01
-5.794796e-01
-6.822162e-01
-7.234352e-01
-5.775272e-01
-4.579418e-01
-3.974923e-01
-2.753142e-01
-2.376336e-02
1.310690e-01
1.221277e-01
2.567204e-01
3.270342e-01
1.641162e-01
-3.799892e-02
-2.324375e-01
-4.449242e-01
-4.860788e-01
-3.950372e-01
-3.724959e-01
-3.836515e-01
-3.868022e-01
-4.212320e-01
-3.848927e-01
-3.366068e-01
-3.643801e-01
-4.203637e-01
-3.170588e-01
-9.042600e-02
1.726044e-01
3.899902e-01
3.151044e-01
-6.272811e-03
-3.001092e-01
-4.228323e-01
-2.694109e-01
-5.140738e-02
3.076590e-01
7.687211e-01
9.959828e-01
9.613745e-01
8.055713e-01
6.634815e-01
6.555298e-01
8.446402e-01
1.137144e+00
1.227252e+00
1.273612e+00
1.441834e+00
1.391116e+00
1.096272e+00
8.363555e-01
6.413320e-01
5.251135e-01
5.136195e-01
6.869866e-01
7.268477e-01
4.950869e-01
2.799545e-01
1.512142e-01
1.260507e-01
1.098204e-01
-1.105626e-01
-3.743489e-01
-4.807372e-01
-4.721560e-01
-4.264963e-01
-5.623485e-01
-7.590348e-01
-8.546458e-01
-1.051774e+00
-1.294141e+00
-1.248538e+00
-9.733670e-01
-8.079413e-01
-8.179282e-01
-7.837226e-01
-7.348331e-01
-8.303829e-01
-1.027332e+00
-1.011128e+00
-7.865741e-01
-5.973006e-01
-2.951019e-01
5.728096e-02
2.153239e-01
2.644842e-01
2.621736e-01
2.558141e-01
4.101879e-01
6.254715e-01
7.515438e-01
7.739438e-01
7.499490e-01
7.127025e-01
6.952123e-01
7.906051e-01
1.010846e+00
1.162802e+00
1.165075e+00
9.829145e-01
7.282724e-01
6.159112e-01
4.645079e-01
3.049657e-01
3.146658e-01
3.174263e-01
2.685169e-01
2.316999e-01
1.580869e-01
1.631962e-01
3.287845e-01
4.728285e-01
4.729103e-01
4.938396e-01
4.012010e-01
2.520961e-01
2.496325e-01
3.397577e-01
3.348806e-01
2.402810e-01
1.061986e-01
8.225185e-02
1.605305e-01
2.167916e-01
2.085547e-01
1.764748e-01
1.696083e-01
1.583273e-01
9.551802e-03
-6.077015e-02
8.003112e-02
1.616837e-01
1.554659e-01
2.491279e-01
2.582411e-01
1.278130e-01
8.397376e-03
-1.236453e-01
-3.151918e-01
-3.902672e-01
-3.744676e-01
-3.124344e-01
-1.705924e-01
1.755685e-02
4.004916e-02
-1.260252e-01
-2.360060e-01
-5.856360e-02
9.892600e-02
1.330287e-01
2.286403e-01
3.504968e-01
3.214660e-01
1.036861e-01
-1.849045e-02
-1.211584e-02
-1.444854e-01
-2.753010e-01
-2.971367e-01
-3.177659e-01
-3.329924e-01
-4.694410e-01
-6.001132e-01
-5.659796e-01
-4.477850e-01
-4.053697e-01
-3.940054e-01
-3.374856e-01
-3.491630e-01
-4.846585e-01
-4.838946e-01
-3.471145e-01
-2.060389e-01
-2.158997e-02
3.727307e-02
2.282279e-02
-9.246074e-03
-2.099061e-01
-3.957412e-01
-4.223320e-01
-4.244636e-01
-4.603753e-01
-4.315366e-01
-3.451606e-01
-2.386341e-01
-1.491970e-01
-1.626285e-01
-1.213111e-01
-2.931031e-02
-1.379211e-02
5.382607e-02
1.653319e-01
1.900213e-01
1.188198e-01
5.838059e-02
1.278522e-01
2.805867e-01
4.968557e-01
5.963548e-01
5.459187e-01
5.244247e-01
3.893978e-01
1.573285e-01
5.998267e-02
9.374649e-02
1.277091e-01
6.620412e-02
-4.536347e-02
-1.747990e-01
-2.341163e-01
-2.355453e-01
-3.199761e-01
-4.419974e-01
-4.562169e-01
-4.792704e-01
-4.759594e-01
-3.488699e-01
-2.833965e-02
2.033584e-01
8.816635e-02
-2.959258e-02
-8.607937e-02
-1.745809e-01
-1.380749e-01
-1.267503e-01
-1.823623e-01
-2.601485e-01
-4.518711e-01
-5.683600e-01
-5.631693e-01
-4.338809e-01
-1.922564e-01
-7.286031e-02
-8.253254e-02
-9.865493e-02
-2.324708e-01
-3.769917e-01
-2.841214e-01
-3.603544e-02
1.189791e-01
1.408299e-01
1.297959e-01
6.489070e-02
-4.165452e-02
-1.188862e-01
-2.071892e-01
-2.607669e-01
-2.423544e-01
-2.628768e-01
-3.332056e-01
-3.385026e-01
-2.675620e-01
-1.472569e-01
6.521333e-02
2.880353e-01
4.287658e-01
5.716968e-01
6.948112e-01
7.807444e-01
8.489324e-01
8.121918e-01
7.974548e-01
9.284429e-01
1.016027e+00
9.356021e-01
8.026394e-01
7.004815e-01
5.074943e-01
2.357071e-01
5.177915e-02
-7.244266e-02
-2.522886e-01
-5.547000e-01
-8.258080e-01
-9.668189e-01
-1.080851e+00
-1.144045e+00
-1.038138e+00
-8.732209e-01
-8.315124e-01
-9.197169e-01
-1.025671e+00
-1.101224e+00
-1.079623e+00
-9.241687e-01
-7.120606e-01
-5.647686e-01
-4.530696e-01
-3.356188e-01
-3.354462e-01
-3.552195e-01
-2.553470e-01
-2.371364e-01
-3.025234e-01
-2.320815e-01
-1.740454e-01
-1.819134e-01
-5.300785e-02
1.366188e-01
2.609634e-01
3.535209e-01
5.557999e-01
7.814475e-01
8.276860e-01
8.064494e-01
8.313134e-01
8.175578e-01
6.895488e-01
5.499098e-01
5.688624e-01
6.103798e-01
5.910175e-01
5.783793e-01
5.147132e-01
4.119144e-01
2.878080e-01
1.722958e-01
8.318728e-02
-2.011666e-02
-7.150336e-02
-1.690816e-02
-2.520292e-02
-6.916330e-02
-8.617143e-02
-1.764100e-01
-2.576020e-01
-2.604163e-01
-2.437793e-01
-1.812070e-01
-1.148826e-01
-7.685985e-02
7.688807e-02
1.487143e-01
1.002635e-01
9.429126e-02
4.162910e-02
2.509888e-02
5.853676e-02
-2.088359e-02
-4.132181e-02
2.785397e-02
9.248951e-02
1.894088e-01
3.051313e-01
4.475795e-01
6.278386e-01
7.823141e-01
8.329941e-01
8.386472e-01
8.612372e-01
8.452436e-01
8.105727e-01
7.462425e-01
6.323813e-01
5.766590e-01
4.762306e-01
3.090577e-01
2.143782e-01
1.316768e-01
3.974701e-02
-2.616097e-02
-8.687159e-02
-1.140822e-01
-1.772364e-01
-2.634100e-01
-3.073462e-01
-3.316385e-01
-2.970947e-01
-2.234968e-01
-2.066649e-01
-8.375400e-02
8.973363e-02
5.056309e-02
-4.749544e-02
-3.415649e-02
-1.018453e-01
-2.085156e-01
-2.556125e-01
-2.866269e-01
-3.792663e-01
-4.731668e-01
-4.763580e-01
-4.268717e-01
-3.530608e-01
-2.647115e-01
-2.363662e-01
-2.942290e-01
-3.152928e-01
-2.880379e-01
-2.851335e-01
-3.168199e-01
-2.561628e-01
-9.755028e-02
-2.817070e-02
1.659554e-02
1.298931e-01
2.165067e-01
2.641601e-01
2.377684e-01
2.221853e-01
2.289156e-01
2.050946e-01
1.687416e-01
1.826732e-01
2.236872e-01
2.671019e-01
3.391080e-01
3.604637e-01
3.232316e-01
3.124971e-01
2.927991e-01
2.794687e-01
3.565594e-01
4.304947e-01
4.860911e-01
5.392365e-01
5.057171e-01
4.394462e-01
4.108744e-01
4.102708e-01
3.678065e-01
2.496245e-01
1.788965e-01
1.002469e-01
-1.133020e-01
-3.465948e-01
-4.699286e-01
-5.519488e-01
-6.163499e-01
-5.897591e-01
-4.686410e-01
-4.417239e-01
-4.552393e-01
-3.900892e-01
-3.377887e-01
-3.145503e-01
-2.476696e-01
-1.305325e-01
2.880841e-02
2.582356e-01
4.644333e-01
5.259559e-01
5.065057e-01
4.860691e-01
4.798670e-01
4.940330e-01
5.172190e-01
5.236733e-01
5.356307e-01
4.911109e-01
3.375209e-01
2.428793e-01
2.605604e-01
2.206529e-01
1.171508e-01
3.411955e-02
-9.321944e-02
-2.859454e-01
-4.719452e-01
-5.224160e-01
-4.723993e-01
-4.527344e-01
-4.200625e-01
-3.917592e-01
-4.252471e-01
-3.710467e-01
-3.092420e-01
-3.285272e-01
-2.836283e-01
-3.032859e-01
-3.517360e-01
-2.905513e-01
-2.566810e-01
-2.603549e-01
-2.132910e-01
-1.814629e-01
-2.022002e-01
-2.000751e-01
-1.592453e-01
-1.574866e-01
-1.689622e-01
-1.471974e-01
-1.159537e-01
-1.498935e-01
-1.401023e-01
-7.346811e-02
-7.637702e-03
2.844626e-02
-2.513614e-02
-1.755473e-01
-2.620692e-01
-3.027594e-01
-3.214281e-01
-3.066445e-01
-3.180820e-01
-3.713768e-01
-3.823041e-01
-3.829007e-01
-3.495016e-01
-2.517099e-01
-1.279176e-01
-2.557114e-02
-4.379144e-02
-1.070765e-01
-1.161487e-01
-7.023243e-02
5.787026e-02
1.777963e-01
2.184596e-01
2.453914e-01
2.364610e-01
1.521335e-01
1.263893e-01
1.982676e-01
2.392725e-01
2.447883e-01
2.273249e-01
2.055784e-01
1.684204e-01
1.420141e-01
1.880338e-01
2.294980e-01
1.415479e-01
2.806986e-02
-8.559593e-02
-1.676109e-01
-2.374667e-01
-3.577047e-01
-5.050697e-01
-6.088024e-01
-6.409939e-01
-5.478228e-01
-4.487449e-01
-3.506925e-01
-2.164901e-01
-6.641379e-02
3.805646e-02
1.024121e-01
1.367961e-01
1.500116e-01
9.763415e-02
3.005908e-02
-5.610306e-02
-1.751776e-01
-1.770597e-01
-9.382225e-02
-3.697718e-02
1.495372e-02
-1.656543e-03
-7.987941e-02
-9.900617e-02
-7.745605e-02
-3.679890e-02
-2.121529e-02
-4.077601e-02
-6.312903e-02
-7.607167e-02
-8.455575e-02
-6.304495e-02
8.709957e-03
8.782659e-02
9.245878e-02
6.824918e-03
-7.044864e-02
-4.650268e-02
-2.459203e-02
-9.382102e-03
8.026294e-02
1.784757e-01
1.986682e-01
2.153708e-01
2.427631e-01
3.043232e-01
3.162939e-01
2.560284e-01
1.909809e-01
1.927588e-01
2.654781e-01
3.187194e-01
3.072776e-01
3.651076e-01
4.310270e-01
3.945081e-01
3.513079e-01
3.459184e-01
3.092088e-01
2.730214e-01
2.082417e-01
1.682228e-01
1.960191e-01
3.084032e-01
3.856826e-01
4.166559e-01
4.417329e-01
4.285007e-01
3.469236e-01
2.404065e-01
2.187874e-01
2.222514e-01
1.456621e-01
7.134317e-02
2.890116e-02
-7.189484e-02
-2.012799e-01
-2.520431e-01
-2.026950e-01
-1.126839e-01
-1.190750e-01
-2.006204e-01
-2.812793e-01
-3.772037e-01
-4.298162e-01
-4.113998e-01
-3.232872e-01
-2.374780e-01
-1.609282e-01
-8.949808e-02
-8.988328e-02
-8.742027e-02
-5.953453e-02
-1.242391e-01
-1.169577e-01
-4.286372e-03
2.056487e-02
1.489753e-02
5.780021e-02
4.776638e-02
-6.657430e-02
-2.072103e-01
-2.549257e-01
-2.482422e-01
-2.722555e-01
-2.147661e-01
-1.159385e-01
-5.462231e-02
4.430007e-02
1.772288e-01
2.992337e-01
3.535112e-01
3.456898e-01
3.275612e-01
2.618325e-01
2.079413e-01
1.871780e-01
1.448222e-01
1.173188e-01
1.103013e-01
7.453653e-02
9.067936e-03
5.624910e-03
5.507469e-02
3.332812e-02
-2.625883e-02
-2.249808e-02
-6.531111e-02
-1.252484e-01
-8.280091e-02
1.586201e-02
8.571843e-02
1.046406e-01
8.526364e-02
9.824696e-02
7.667085e-02
2.474134e-03
3.983284e-03
-3.249313e-02
-1.216826e-01
-1.671490e-01
-2.014255e-01
-2.753650e-01
-3.563703e-01
-4.066078e-01
-3.877910e-01
-3.622489e-01
-3.335977e-01
-2.699804e-01
-1.912332e-01
-1.398425e-01
-1.153975e-01
-7.474845e-02
-1.194565e-02
7.548756e-02
1.565644e-01
1.940730e-01
2.900474e-01
3.444890e-01
2.595205e-01
2.017654e-01
2.217306e-01
2.346027e-01
2.579830e-01
2.715718e-01
2.605364e-01
2.726823e-01
2.628126e-01
2.253420e-01
2.139895e-01
2.587431e-01
2.598080e-01
2.272151e-01
2.070471e-01
1.319449e-01
9.561406e-02
9.239963e-02
3.354992e-02
5.784328e-02
7.933356e-02
1.471339e-02
-1.510345e-02
-3.222560e-02
-9.392824e-02
-1.304518e-01
-2.223155e-01
-3.112507e-01
-3.683800e-01
-4.712167e-01
-6.061939e-01
-6.923747e-01
-7.438678e-01
-7.568716e-01
-7.418209e-01
-7.363516e-01
-6.531037e-01
-5.333826e-01
-4.081501e-01
-2.541947e-01
-1.586749e-01
-8.420836e-02
6.018499e-03
3.204562e-02
6.889591e-02
1.473886e-01
2.043864e-01
2.396586e-01
1.908838e-01
1.120450e-01
8.446566e-02
1.404365e-01
2.139425e-01
2.693178e-01
3.088190e-01
2.921069e-01
2.415151e-01
2.212283e-01
2.482370e-01
2.964812e-01
3.063483e-01
2.521201e-01
2.118452e-01
1.235805e-01
1.544457e-02
-1.231670e-02
-5.693296e-02
-8.376343e-02
-8.317119e-02
-8.529779e-02
-1.190775e-01
-1.764087e-01
-1.796581e-01
-1.686867e-01
-2.263067e-01
-2.165398e-01
-1.343811e-01
-5.870577e-02
-1.074135e-02
-5.257443e-04
-3.702021e-02
-5.699488e-02
-1.155654e-01
-1.936326e-01
-2.326843e-01
-2.148773e-01
-2.303255e-01
-3.042467e-01
-3.479023e-01
-3.911826e-01
-4.075416e-01
-3.457541e-01
-3.012273e-01
-2.571194e-01
-1.793579e-01
-1.445103e-01
-1.303130e-01
-8.175558e-02
-2.319565e-02
1.102901e-02
9.620700e-03
5.413421e-03
5.945725e-02
1.219088e-01
1.662090e-01
2.411656e-01
3.176944e-01
3.622471e-01
3.697740e-01
2.959553e-01
2.649491e-01
3.103000e-01
3.331327e-01
3.457063e-01
3.795457e-01
3.942044e-01
3.792597e-01
3.212590e-01
2.419426e-01
1.808004e-01
1.684670e-01
1.758348e-01
1.703462e-01
1.665743e-01
1.705409e-01
1.685352e-01
1.276085e-01
1.016757e-01
6.782367e-02
4.708614e-03
-4.793036e-02
-1.181014e-01
-1.659839e-01
-1.861392e-01
-2.616907e-01
-3.695141e-01
-4.188258e-01
-4.270978e-01
-4.450418e-01
-4.375480e-01
-3.703544e-01
-2.855932e-01
-2.306507e-01
-1.775990e-01
-9.326308e-02
3.563914e-03
1.313513e-01
2.344031e-01
2.489973e-01
2.673316e-01
2.875312e-01
2.247822e-01
1.906111e-01
1.800703e-01
1.199402e-01
9.006716e-02
7.162678e-02
2.642026e-02
-4.505073e-02
-8.138173e-02
-8.789155e-02
-1.050153e-01
-1.210080e-01
-8.000950e-02
-3.455705e-02
4.034932e-03
8.902206e-02
1.544293e-01
1.573173e-01
1.460683e-01
1.181539e-01
7.962710e-02
1.029043e-01
1.819742e-01
2.154828e-01
2.351375e-01
2.644262e-01
2.389160e-01
1.459492e-01
4.521791e-02
-2.164456e-02
-4.896240e-03
4.894744e-02
7.879866e-02
1.198795e-01
1.764206e-01
2.003371e-01
1.933169e-01
2.070332e-01
2.022812e-01
2.106902e-01
2.143652e-01
1.934783e-01
1.544027e-01
1.182358e-01
8.145258e-02
9.784662e-02
1.333834e-01
1.411199e-01
1.321838e-01
1.013518e-01
3.384205e-02
-3.826398e-02
-1.217132e-01
-1.847714e-01
-2.133889e-01
-2.219669e-01
-1.997828e-01
-1.491587e-01
-8.846867e-02
-5.272932e-02
-4.912964e-02
5.046014e-03
6.656221e-02
9.490004e-02
1.573327e-01
2.400959e-01
3.133109e-01
3.745022e-01
3.838189e-01
3.583704e-01
3.080759e-01
2.507899e-01
1.745148e-01
7.152928e-02
3.640416e-03
-5.519309e-02
-1.134224e-01
-1.561145e-01
-1.704363e-01
-1.761210e-01
-2.221447e-01
-2.507270e-01
-2.488658e-01
-2.452365e-01
-2.699587e-01
-2.768782e-01
-2.744350e-01
-2.888705e-01
-3.429696e-01
-3.618781e-01
-3.215749e-01
-2.767298e-01
-2.440148e-01
-2.220937e-01
-2.062580e-01
-2.454702e-01
-3.038856e-01
-3.391804e-01
-3.441274e-01
-2.920896e-01
-2.398182e-01
-2.143524e-01
-1.688416e-01
-1.339114e-01
-1.152589e-01
-7.664177e-02
-3.372546e-02
5.693805e-03
4.111065e-02
2.599160e-02
8.416578e-03
-2.252534e-02
-5.053527e-02
-1.745724e-02
7.694148e-02
1.463078e-01
1.689199e-01
1.867504e-01
1.759889e-01
1.661142e-01
2.300565e-01
2.877740e-01
2.753005e-01
2.925538e-01
3.229482e-01
3.055949e-01
3.377577e-01
3.813870e-01
3.764141e-01
3.742989e-01
3.664612e-01
3.342891e-01
2.994947e-01
2.515251e-01
2.040751e-01
1.756663e-01
1.534481e-01
1.107212e-01
3.990587e-02
-4.037857e-02
-1.044872e-01
-1.738586e-01
-2.292364e-01
-2.563689e-01
-3.079579e-01
-3.531678e-01
-3.653356e-01
-3.740405e-01
-3.789457e-01
-3.897793e-01
-4.074454e-01
-3.940258e-01
-3.647833e-01
-3.262040e-01
-2.910228e-01
-2.739360e-01
-2.466768e-01
-2.095594e-01
-1.849965e-01
-1.741928e-01
-1.411363e-01
-8.871199e-02
-4.886128e-02
-3.366290e-02
-9.165457e-03
1.152847e-02
4.423345e-02
9.177240e-02
1.423033e-01
1.830745e-01
2.076302e-01
1.925362e-01
1.798314e-01
2.020577e-01
1.926787e-01
1.362074e-01
1.124127e-01
6.081555e-02
3.034347e-04
-4.530955e-02
-1.138099e-01
-1.215925e-01
-2.260561e-02
-1.799134e-02
-7.846840e-02
-1.025570e-01
-1.157059e-01
-1.330142e-01
-1.472100e-01
-1.278853e-01
-7.586265e-02
-3.313983e-02
-5.519870e-02
-8.480286e-02
-5.473208e-02
-4.850951e-02
-9.110837e-02
-8.794986e-02
-7.747203e-02
-9.161715e-02
-1.324497e-01
-1.793239e-01
-1.770484e-01
-1.772211e-01
-2.188716e-01
-2.627957e-01
-2.840506e-01
-2.640788e-01
-2.083973e-01
-1.761476e-01
-1.381877e-01
-1.275695e-01
-1.241725e-01
-9.723810e-02
-3.229329e-02
4.224556e-02
7.692806e-02
1.097713e-01
1.350495e-01
1.065126e-01
6.923460e-02
8.688792e-02
1.167494e-01
1.514325e-01
2.090573e-01
2.371039e-01
2.608228e-01
2.681571e-01
2.454745e-01
2.830047e-01
3.406641e-01
3.546847e-01
3.287593e-01
3.124388e-01
3.032362e-01
2.392134e-01
1.522833e-01
9.218395e-02
8.024050e-02
9.549657e-02
9.472620e-02
8.631819e-02
1.015664e-01
6.610000e-02
6.366067e-03
-1.462779e-02
-1.245114e-02
1.239379e-03
7.116330e-03
4.365735e-02
3.843089e-02
1.259695e-02
6.787853e-03
-1.569431e-02
-3.043636e-02
-1.719794e-02
-6.051090e-03
4.104981e-02
6.720872e-02
7.651836e-02
1.159259e-01
8.902510e-02
2.339481e-02
-6.535875e-04
9.405749e-03
1.731105e-02
-7.698761e-03
2.681599e-03
-1.832184e-02
-5.120871e-02
-3.667765e-02
-3.403530e-02
-3.841709e-02
-1.259789e-02
-9.841670e-03
-1.584430e-02
-2.566162e-02
-4.521352e-02
-4.196582e-02
-3.586286e-02
-4.369216e-02
-1.941694e-02
3.824641e-02
7.654446e-02
1.097006e-01
1.342961e-01
1.196619e-01
8.256638e-02
6.691220e-02
1.069286e-01
1.454362e-01
1.501641e-01
1.588864e-01
1.656933e-01
1.668279e-01
1.523800e-01
1.135673e-01
1.066986e-01
1.543202e-01
1.972577e-01
1.703656e-01
1.543707e-01
1.749690e-01
1.555481e-01
9.368579e-02
5.801155e-02
7.315042e-02
5.472822e-02
-6.383850e-03
-3.916031e-03
1.144974e-02
-2.607700e-02
-8.506681e-02
-8.016673e-02
-2.563642e-02
-4.174091e-02
-6.599469e-02
-5.477980e-02
-6.144321e-02
-8.436281e-02
-1.040444e-01
-8.739202e-02
-2.703848e-02
2.662250e-03
3.347279e-02
8.250304e-02
6.441598e-02
4.019880e-02
2.768248e-02
-3.422298e-03
-1.349532e-03
3.236545e-02
5.582840e-02
5.192517e-02
3.308446e-02
1.412658e-02
-1.913711e-02
-2.462270e-02
5.462828e-03
4.010351e-02
5.941146e-02
8.150910e-02
8.472286e-02
8.247454e-02
5.389158e-02
1.588785e-02
-3.074396e-02
-3.336935e-02
-2.498792e-02
-4.112856e-02
-2.933219e-02
-4.485884e-03
-2.846452e-02
-4.143165e-02
-4.278129e-02
-3.007027e-02
-2.107154e-02
-5.042719e-02
-5.615207e-02
-4.051727e-02
-1.349070e-01
-2.452087e-01
-2.446287e-01
-2.515732e-01
-3.064963e-01
-2.887224e-01
-2.234010e-01
-2.336450e-01
-2.379505e-01
-2.607618e-01
-3.428162e-01
-3.587365e-01
-3.443736e-01
-3.650571e-01
-3.429726e-01
-2.818311e-01
-2.717120e-01
-2.588836e-01
-2.402107e-01
-2.120756e-01
-1.414641e-01
-9.909162e-02
-6.926025e-02
-1.007606e-02
8.774538e-03
6.881513e-04
6.362579e-03
5.505839e-03
3.976880e-02
3.767005e-02
5.461366e-02
1.128711e-01
1.180922e-01
1.258982e-01
1.810366e-01
2.006674e-01
1.387983e-01
8.530653e-02
8.828210e-02
5.408623e-02
2.805628e-02
5.512250e-02
7.870405e-02
8.398080e-02
7.053307e-02
7.466173e-02
8.387099e-02
1.153100e-01
1.484382e-01
1.735047e-01
1.717981e-01
1.521698e-01
1.238809e-01
1.057598e-01
7.875760e-02
7.261397e-02
3.760509e-02
-2.203108e-02
-3.326549e-02
-2.058960e-02
-4.595198e-02
-6.317645e-02
-6.277472e-02
-4.796660e-02
-2.403598e-02
-1.839242e-02
-1.096781e-02
-6.331594e-03
-4.338287e-02
-6.946033e-02
-7.625428e-02
-6.695722e-02
-2.912941e-02
-6.188968e-03
-1.280318e-03
2.219795e-02
4.129886e-02
4.087626e-03
-5.029033e-02
-6.020068e-02
-5.382393e-02
-5.948294e-02
-4.301868e-02
-5.846207e-02
-8.845909e-02
-1.120412e-01
-1.333663e-01
-1.345434e-01
-1.573821e-01
-2.035311e-01
-2.676198e-01
-3.029606e-01
-3.003485e-01
-2.758992e-01
-2.678026e-01
-2.421296e-01
-2.191335e-01
-2.029411e-01
-1.828758e-01
-1.205221e-01
-5.077024e-02
1.013717e-02
3.994947e-02
7.106135e-02
7.294735e-02
5.051816e-02
3.722152e-02
7.141213e-02
1.069939e-01
8.137752e-02
6.028729e-02
7.080006e-02
1.959450e-02
-1.531158e-02
-1.503176e-02
-3.331675e-02
-2.496062e-02
-9.743352e-03
-1.224998e-03
1.284649e-02
9.483481e-03
1.484301e-02
5.069003e-02
6.450941e-02
7.287674e-02
7.074091e-02
4.891421e-02
5.110369e-02
5.926242e-02
7.092981e-02
1.122344e-01
1.341920e-01
1.334291e-01
1.396452e-01
1.326045e-01
1.290815e-01
1.436524e-01
1.304955e-01
1.281848e-01
1.498389e-01
1.657389e-01
1.813896e-01
1.484574e-01
1.448022e-01
1.735928e-01
1.683558e-01
1.915009e-01
2.184325e-01
2.272328e-01
2.354791e-01
2.331399e-01
2.104416e-01
2.071259e-01
2.283828e-01
2.261576e-01
1.882808e-01
1.866611e-01
1.763632e-01
1.187423e-01
6.559475e-02
5.302110e-02
4.062611e-02
-5.527291e-03
-6.375082e-02
-8.088798e-02
-1.047920e-01
-1.021554e-01
-7.954713e-02
-7.350160e-02
-5.448626e-02
-5.569963e-02
-8.410740e-02
-6.506996e-02
-3.389732e-02
-3.819210e-02
-4.631074e-02
-7.251294e-02
-8.175226e-02
-1.118554e-01
-1.243675e-01
-1.102635e-01
-1.064729e-01
-5.496838e-02
-3.455328e-02
-4.859752e-02
4.585648e-03
1.134424e-02
-4.276112e-04
1.325148e-02
1.718667e-02
3.840681e-02
7.900971e-02
8.833296e-02
9.326585e-02
1.278216e-01
1.475988e-01
1.287444e-01
1.349360e-01
1.508876e-01
1.243506e-01
1.309320e-01
1.881504e-01
2.302683e-01
2.642382e-01
2.633959e-01
2.609755e-01
2.489029e-01
2.343147e-01
2.042608e-01
1.566411e-01
1.269167e-01
9.620485e-02
4.215872e-02
1.508325e-02
6.173748e-03
-3.321270e-02
-8.681442e-02
-1.291761e-01
-1.658738e-01
-2.108635e-01
-2.358990e-01
-2.367419e-01
-2.348408e-01
-2.088307e-01
-1.941997e-01
-1.913580e-01
-1.753987e-01
-1.792541e-01
-2.056632e-01
-1.603942e-01
-9.293862e-02
-3.098827e-02
-1.454661e-02
-1.799318e-02
-3.456041e-02
-6.863870e-02
-9.706003e-02
-4.647036e-02
-9.825294e-03
-2.547311e-02
-5.151106e-02
-7.379372e-02
-8.754920e-02
-6.725482e-02
-2.302585e-02
3.404950e-02
5.119369e-02
2.997092e-02
-1.242902e-02
-6.992396e-02
-8.115864e-02
-3.323620e-02
1.112022e-05
4.241531e-02
8.644482e-02
6.660763e-02
8.070503e-03
-3.503280e-02
-4.665232e-02
-3.538970e-02
-1.410797e-02
1.237756e-02
3.870731e-02
5.560006e-02
5.202330e-02
3.826051e-02
3.124161e-02
2.746194e-02
2.048022e-02
6.170704e-04
-1.903826e-02
-2.327868e-02
-1.797306e-02
-1.926325e-02
6.695466e-03
3.892286e-02
3.397381e-02
2.616031e-02
1.076853e-02
-3.205269e-02
-4.400027e-02
-5.077795e-02
-3.301704e-02
1.779513e-03
1.061280e-02
-3.984671e-03
-7.591749e-05
2.140767e-02
4.499021e-02
8.180164e-02
1.311411e-01
1.231942e-01
7.932584e-02
5.998669e-02
3.804102e-02
3.298205e-02
3.769339e-02
2.057779e-03
-2.628338e-02
-4.530972e-02
-8.531620e-02
-1.288868e-01
-1.292785e-01
-1.177795e-01
-1.177233e-01
-1.302472e-01
-1.038414e-01
-1.195525e-01
-1.718060e-01
-1.916569e-01
-1.716363e-01
-1.589514e-01
-1.527877e-01
-1.827298e-01
-2.013345e-01
-2.050216e-01
-2.243441e-01
-1.972341e-01
-1.701709e-01
-1.990326e-01
-2.220593e-01
-2.257431e-01
-2.189454e-01
-2.049995e-01
-2.009344e-01
-2.069815e-01
-2.135435e-01
-2.367635e-01
-2.227703e-01
-1.866589e-01
-1.529525e-01
-8.496874e-02
-2.929490e-02
-6.984185e-03
1.161087e-02
8.651780e-03
-6.515564e-04
5.726844e-03
2.345864e-02
2.317046e-02
1.270044e-03
3.714929e-02
9.588155e-02
9.556897e-02
1.174811e-01
1.396562e-01
1.396666e-01
1.342881e-01
1.457951e-01
1.620298e-01
1.782481e-01
1.913007e-01
1.902374e-01
2.044605e-01
2.630865e-01
3.006607e-01
3.421875e-01
3.961509e-01
3.764524e-01
3.434405e-01
3.350282e-01
3.052968e-01
2.818552e-01
2.936808e-01
2.894177e-01
2.586187e-01
2.189148e-01
1.813732e-01
1.333258e-01
1.227955e-01
1.439036e-01
1.378886e-01
1.300609e-01
1.262202e-01
8.733193e-02
4.893696e-02
1.817125e-02
-1.448958e-02
-2.528945e-02
-3.449972e-02
-7.414169e-02
-1.054873e-01
-1.236892e-01
-1.273794e-01
-1.149603e-01
-1.062710e-01
-1.155009e-01
-1.334164e-01
-1.346310e-01
-1.282261e-01
-1.057411e-01
-7.218734e-02
-2.143045e-02
-7.601368e-03
-1.879009e-02
-4.833154e-03
7.440005e-03
3.185017e-02
5.402101e-02
7.010129e-02
9.252126e-02
8.766745e-02
6.409609e-02
6.445571e-02
8.414366e-02
1.046613e-01
1.219425e-01
1.236771e-01
9.943737e-02
5.979204e-02
5.802484e-02
6.823381e-02
5.087848e-02
5.024767e-02
3.438365e-02
7.575334e-03
-4.596121e-03
-4.870085e-02
-4.835434e-02
-4.305426e-02
-4.136541e-02
-5.503473e-02
-9.979526e-02
-1.486187e-01
-1.495283e-01
-1.550068e-01
-1.487053e-01
-1.462509e-01
-1.535939e-01
-1.719851e-01
-2.131368e-01
-2.332544e-01
-1.973093e-01
-1.775594e-01
-2.007936e-01
-2.318956e-01
-2.447776e-01
-2.434025e-01
-2.500790e-01
-2.254561e-01
-1.514304e-01
-1.332242e-01
-1.583969e-01
-1.625972e-01
-1.777800e-01
-1.924044e-01
-1.709060e-01
-1.682191e-01
-1.818664e-01
-1.702824e-01
-1.960004e-01
-2.308954e-01
-1.880265e-01
-1.668909e-01
-1.443614e-01
-8.853757e-02
-6.767340e-02
-5.624338e-02
-2.241930e-02
9.031630e-03
4.034419e-02
9.264962e-02
1.448885e-01
1.456097e-01
1.289928e-01
1.403491e-01
1.488562e-01
1.657576e-01
1.488597e-01
1.175752e-01
1.048501e-01
7.808828e-02
5.217140e-02
6.818166e-02
9.047110e-02
1.084791e-01
1.234723e-01
1.274301e-01
1.244969e-01
9.839033e-02
4.633359e-02
1.684524e-02
2.925169e-02
4.431049e-02
6.063240e-02
7.126059e-02
7.241104e-02
5.639107e-02
3.063006e-02
1.332149e-02
2.009990e-02
1.075695e-02
1.336179e-02
5.170162e-02
6.165963e-02
2.794734e-02
2.369995e-02
1.051828e-02
2.419447e-03
1.227613e-02
3.041103e-02
3.519717e-02
4.801833e-02
5.151562e-02
5.234785e-02
5.372496e-02
7.004231e-02
8.253988e-02
8.885938e-02
8.749161e-02
5.545086e-02
5.699932e-02
5.889524e-02
2.724183e-02
2.063832e-02
6.404308e-03
-1.678264e-02
-1.535424e-02
-3.631495e-02
-5.039163e-02
-5.844577e-02
-1.051314e-01
-1.397167e-01
-1.386612e-01
-1.220254e-01
-1.250263e-01
-1.408190e-01
-1.391005e-01
-1.334948e-01
-1.282849e-01
-1.142854e-01
-9.078676e-02
-7.739785e-02
-7.015482e-02
-7.333109e-02
-7.248774e-02
-7.648084e-02
-7.308374e-02
-5.266979e-02
-5.579675e-02
-6.055552e-02
-4.268929e-02
-4.273478e-02
-3.198229e-02
-2.648986e-03
3.435040e-02
5.231640e-02
4.006440e-02
3.480770e-02
6.483417e-02
1.041909e-01
1.558300e-01
2.091968e-01
2.287801e-01
1.938052e-01
1.619976e-01
1.479757e-01
1.085458e-01
1.037926e-01
1.224878e-01
1.259175e-01
1.277206e-01
1.136528e-01
1.156370e-01
1.259423e-01
1.303081e-01
1.405814e-01
1.328959e-01
1.209801e-01
1.173628e-01
9.393336e-02
6.746069e-02
7.536267e-02
8.252895e-02
6.876800e-02
5.584076e-02
6.848220e-02
9.587702e-02
1.011541e-01
9.648864e-02
7.700258e-02
5.638366e-02
3.523027e-02
3.823388e-03
-7.157301e-03
-3.835406e-03
5.579326e-03
8.444507e-03
-5.252350e-03
-3.697919e-02
-6.391740e-02
-1.131770e-01
-1.253560e-01
-1.031581e-01
-8.150109e-02
-5.940429e-02
-2.451687e-02
-2.115454e-02
-4.150962e-02
-4.179189e-02
-3.739515e-02
-3.517472e-02
-5.962945e-03
4.732495e-03
2.466265e-02
4.468267e-02
3.759039e-02
4.568299e-02
4.811608e-02
3.772435e-02
2.715390e-02
2.582211e-02
4.511289e-02
4.135937e-02
4.315845e-03
-2.851178e-03
1.229346e-02
2.038175e-02
2.920064e-02
2.470640e-02
7.284211e-02
9.542171e-02
4.722425e-02
6.471398e-02
8.337722e-02
4.026911e-02
4.079438e-02
4.662028e-02
1.511086e-02
-3.599745e-04
-2.131725e-02
-3.380532e-02
-6.790443e-03
-4.570404e-03
-5.446181e-03
9.024532e-03
-5.725641e-03
-5.214112e-02
-7.938443e-02
-8.736154e-02
-7.126430e-02
-8.791923e-02
-8.646098e-02
-7.419568e-02
-1.133413e-01
-1.135302e-01
-8.659141e-02
-7.710802e-02
-3.200215e-02
3.981766e-03
2.241461e-02
2.646590e-02
2.354901e-02
1.497562e-02
8.641658e-04
-9.674429e-03
-2.668629e-03
-1.928270e-02
-4.491322e-02
-5.721416e-02
-7.564845e-02
-7.841578e-02
-9.029641e-02
-1.126069e-01
-1.118569e-01
-9.882212e-02
-1.044336e-01
-1.170931e-01
-1.059722e-01
-9.611096e-02
-6.642322e-02
-2.376853e-02
-2.153168e-02
-2.263166e-02
-1.189757e-02
-9.027366e-03
-5.806561e-03
-3.351410e-03
8.715418e-03
3.013502e-02
1.114779e-02
-4.034983e-03
-2.852031e-02
-5.224356e-02
-7.228033e-02
-7.454024e-02
-6.201454e-02
-4.669285e-02
-3.817245e-02
-3.062256e-02
-3.903499e-02
-4.758942e-02
-4.377351e-02
-1.029515e-02
3.549357e-02
7.951884e-02
9.964963e-02
9.513277e-02
7.739263e-02
6.682013e-02
7.815457e-02
7.146938e-02
5.742096e-02
5.933673e-02
6.013148e-02
7.279413e-02
9.060759e-02
9.635391e-02
9.912984e-02
8.391356e-02
5.368853e-02
1.909149e-02
-4.647893e-05
-1.472163e-02
-1.783203e-02
4.066825e-03
1.761186e-02
2.606490e-02
3.471274e-02
3.110865e-02
1.099236e-02
-2.973873e-03
-2.084297e-02
-4.923758e-02
-6.912936e-02
-4.302831e-02
-7.437223e-02
-1.100562e-01
-1.077297e-01
-1.343256e-01
-1.384388e-01
-1.127290e-01
-1.306757e-01
-1.090506e-01
-1.121372e-01
-1.434325e-01
-1.058203e-01
-8.662045e-02
-9.272058e-02
-6.186678e-02
-4.185791e-02
-3.575441e-02
-4.446819e-03
7.429909e-04
3.633258e-02
8.411735e-02
7.139775e-02
7.479906e-02
8.145099e-02
6.466864e-02
4.640253e-02
4.330338e-02
3.109903e-02
2.140884e-02
8.768282e-03
-1.037071e-02
-4.586540e-02
-6.926484e-02
-1.043470e-01
-1.149025e-01
-9.222245e-02
-8.748396e-02
-1.011892e-01
-5.444416e-02
-2.404612e-02
-4.599001e-02
-6.351059e-02
-4.800533e-02
-3.205733e-02
-4.286026e-02
-6.268593e-02
-7.776767e-02
-7.573222e-02
-9.864827e-02
-1.133500e-01
-9.381420e-02
-8.013995e-02
-7.808697e-02
-7.275416e-02
-7.884577e-02
-7.839010e-02
-1.182398e-01
-1.641575e-01
-1.410880e-01
-9.574700e-02
-5.751693e-02
-8.739052e-03
2.821137e-02
3.099174e-02
2.451789e-02
2.577572e-02
4.659235e-02
5.300508e-02
8.496165e-02
1.248146e-01
1.254896e-01
8.725163e-02
7.931642e-02
7.666460e-02
6.093821e-02
7.813299e-02
9.615269e-02
1.064439e-01
1.186015e-01
1.208340e-01
1.123588e-01
1.097987e-01
1.130709e-01
1.056380e-01
1.093102e-01
1.591237e-01
1.677810e-01
1.490828e-01
1.549847e-01
1.475655e-01
1.372085e-01
1.304607e-01
1.229320e-01
1.208426e-01
1.119794e-01
1.017036e-01
1.102354e-01
1.151828e-01
9.510257e-02
6.191781e-02
5.622495e-02
8.557772e-02
1.001693e-01
9.328961e-02
8.290019e-02
5.897053e-02
6.058703e-02
7.191587e-02
4.393998e-02
3.765649e-02
5.837226e-02
5.031403e-02
2.470917e-02
6.770080e-03
2.575845e-03
-3.017996e-02
-3.149111e-02
2.316277e-03
1.397393e-02
9.518008e-03
4.025544e-03
-3.629552e-03
4.242290e-02
5.152245e-02
2.276437e-02
1.174892e-02
4.250818e-03
-2.817616e-02
-1.811465e-02
-2.361683e-02
-2.273315e-02
-1.235637e-02
-1.844902e-02
-3.066370e-02
-4.683165e-02
-6.222851e-02
-5.291780e-02
-4.044902e-02
-2.706154e-02
-3.566930e-02
-4.558510e-02
-4.046647e-02
-1.803249e-02
7.192311e-03
9.362125e-03
6.951216e-03
1.936324e-02
-6.708113e-04
6.323989e-03
3.266750e-02
3.013482e-02
1.617044e-02
3.698137e-04
-2.560977e-02
-4.277063e-02
-7.227950e-02
-6.737623e-02
-7.095598e-02
-7.760255e-02
-7.889439e-02
-1.071803e-01
-1.374819e-01
-1.201876e-01
-1.057771e-01
-9.506869e-02
-8.826815e-02
-5.530326e-02
-3.828868e-02
-4.245405e-02
-2.524886e-02
-4.125963e-02
-5.446017e-02
-4.610241e-02
-8.595829e-02
-9.550523e-02
-6.300003e-02
-8.211234e-02
-9.594296e-02
-7.199408e-02
-4.538635e-02
-4.110439e-02
-2.311990e-02
1.178623e-02
4.067174e-02
6.159506e-02
1.008614e-01
1.165131e-01
1.381036e-01
1.634794e-01
1.867434e-01
2.114306e-01
2.285227e-01
2.315906e-01
2.233415e-01
1.908795e-01
1.436200e-01
1.240481e-01
1.177591e-01
1.195027e-01
1.138466e-01
1.055736e-01
1.050036e-01
9.427116e-02
9.255483e-02
8.328160e-02
8.834113e-02
8.888236e-02
7.028890e-02
5.754769e-02
4.737052e-02
4.178710e-02
1.673759e-02
-3.661413e-02
-6.417590e-02
-7.970376e-02
-8.991928e-02
-6.754155e-02
-5.330224e-02
-4.983695e-02
-6.518781e-02
-1.258997e-01
-1.539661e-01
-1.721970e-01
-1.934945e-01
-1.658062e-01
-1.431179e-01
-1.422267e-01
-1.375668e-01
-1.656341e-01
-1.740606e-01
-1.567059e-01
-1.399967e-01
-1.159894e-01
-9.984171e-02
-1.033709e-01
-9.441218e-02
-8.779682e-02
-9.299051e-02
-1.134119e-01
-1.166646e-01
-1.026036e-01
-1.069913e-01
-9.445372e-02
-7.196521e-02
-6.709167e-02
-6.825113e-02
-6.877936e-02
-6.479441e-02
-6.995420e-02
-6.724585e-02
-6.873728e-02
-4.938624e-02
-3.332354e-02
-4.764590e-02
-3.571624e-02
-9.813524e-03
5.294315e-04
4.038841e-02
7.158023e-02
8.451466e-02
1.074927e-01
1.034491e-01
8.659117e-02
6.354846e-02
3.167710e-02
8.779229e-03
-4.219106e-03
-2.211316e-02
-4.966227e-02
-3.829904e-02
-1.831746e-02
-4.268025e-02
1.168444e-02
6.234421e-02
2.878566e-02
1.728311e-02
5.720137e-03
-7.732650e-02
-6.914045e-02
-8.214341e-02
-1.213627e-01
-1.274048e-01
-1.336402e-01
-1.171044e-01
-1.043214e-01
-7.854685e-02
6.618603e-02
7.954683e-02
5.325808e-02
1.535099e-01
9.515203e-02
4.127078e-02
4.995869e-02
-7.825026e-02
-1.447913e-01
-1.444732e-01
-1.894610e-01
-1.564603e-01
-1.178609e-01
-1.021155e-01
-3.851022e-02
-6.448733e-02
-1.765569e-01
-1.267752e-01
1.925492e-03
4.548739e-02
7.193662e-02
2.171392e-02
-5.672038e-02
-8.995408e-02
-7.469578e-02
1.976431e-02
1.446824e-01
1.806068e-01
1.576827e-01
1.121097e-01
9.105444e-02
3.768834e-02
-1.167378e-02
-8.424579e-04
4.959024e-02
1.047009e-01
5.433416e-02
-6.448143e-02
-1.180175e-02
7.788173e-02
1.084809e-01
9.423453e-02
5.513082e-02
8.168956e-02
1.353111e-01
8.813028e-02
5.143898e-02
6.690574e-02
8.727881e-02
6.697121e-02
3.015113e-02
7.761868e-02
7.805076e-02
7.508768e-02
1.063146e-01
7.145001e-02
5.146129e-02
4.983134e-02
5.233641e-02
1.065991e-01
1.768514e-01
2.313220e-01
1.764994e-01
5.068725e-02
6.771530e-03
-2.964821e-02
-3.142846e-02
1.301725e-02
-2.689868e-02
-2.194579e-02
8.525902e-02
1.297160e-01
7.499453e-02
6.363719e-02
8.473263e-02
8.311151e-02
1.973247e-02
-6.140078e-02
-9.017136e-02
-6.256424e-02
-1.699234e-02
-5.106448e-02
-3.975273e-02
1.232486e-02
-2.665309e-03
-1.987563e-02
-8.490100e-03
-4.541138e-02
-1.127456e-01
-1.782205e-01
-1.886836e-01
-1.436706e-01
-9.464993e-02
-1.062373e-01
-1.326047e-01
-7.515365e-02
2.524342e-02
9.461257e-03
-2.775266e-02
1.339630e-02
4.879012e-02
8.928685e-03
-6.262029e-03
2.952680e-02
8.919933e-03
-7.013890e-02
-5.835482e-02
3.637860e-03
1.665381e-02
1.407693e-02
-2.714902e-02
-4.331745e-02
1.077815e-02
3.018918e-02
1.317256e-02
1.118730e-02
7.980275e-03
-4.070458e-02
-6.997232e-02
-5.859716e-02
-4.831213e-02
7.678772e-03
1.193591e-01
2.476462e-01
2.631253e-01
2.264223e-01
2.229443e-01
1.969451e-01
1.060287e-01
8.975302e-02
5.427354e-02
-9.553286e-04
-3.543555e-02
-1.527082e-02
-2.392866e-02
5.602757e-03
7.612041e-02
7.348814e-02
7.836555e-02
1.289736e-01
3.926247e-02
-7.579969e-02
-9.102234e-02
-8.802384e-02
-6.418683e-02
-7.575824e-03
2.817460e-02
7.260967e-02
7.293714e-02
1.594413e-02
-2.860335e-02
-4.042820e-02
-3.133669e-02
-2.612892e-02
-2.077243e-04
1.121778e-02
-4.057457e-02
-6.106518e-02
-5.282547e-02
-8.246802e-02
-2.360830e-02
5.591286e-02
5.638481e-02
2.787191e-02
-1.545607e-02
-4.188779e-02
-2.729143e-02
-2.802782e-03
7.620818e-02
1.002035e-01
1.341465e-01
1.097849e-01
3.572626e-03
-3.400876e-03
4.315633e-02
4.827698e-02
8.810590e-02
7.786356e-02
4.418700e-02
9.533669e-02
9.218225e-02
7.383692e-02
1.075741e-01
9.249196e-02
7.606308e-02
6.820377e-02
2.223632e-02
-2.688312e-03
1.054140e-02
7.516604e-03
1.995608e-02
2.608507e-02
2.894189e-02
-3.392858e-03
-3.212085e-02
-4.147961e-02
-7.146374e-02
-1.087553e-01
-1.073403e-01
-9.006492e-02
-4.676366e-02
-2.812891e-02
-5.553166e-02
-5.428753e-02
-8.149595e-02
-1.099356e-01
-9.191379e-02
-7.980439e-02
-3.838739e-02
3.068671e-06
-2.962834e-03
-1.054994e-02
-4.754359e-02
-7.457489e-02
-3.581404e-03
2.026106e-02
5.431239e-03
2.761875e-02
2.977253e-02
1.876876e-02
1.249216e-02
1.256209e-02
-4.928699e-03
-1.067669e-02
-1.693555e-02
-1.252820e-02
2.728402e-02
2.571889e-02
-2.834798e-03
-2.387476e-03
-1.228161e-02
-5.846283e-02
-7.869752e-02
-6.255693e-02
5.948781e-03
6.193870e-02
-8.666264e-03
-4.909600e-02
-4.596243e-02
-6.307455e-02
-6.815716e-02
-1.752676e-02
-2.668985e-03
-4.042880e-02
-7.033127e-02
-7.492699e-02
-6.399529e-02
-3.420330e-02
-3.883885e-02
-8.866475e-02
-6.182691e-02
-4.644080e-02
-7.912848e-02
