0.02 9.82514e-07 -3.28285e-07 0
0.04 5.18359e-06 -1.85692e-06 0
0.06 1.42474e-05 -5.12939e-06 0
0.08 2.87904e-05 -9.90848e-06 0
0.1 4.90556e-05 -1.54338e-05 0
0.12 7.47806e-05 -2.07227e-05 0
0.14 0.000104949 -2.52576e-05 0
0.16 0.000137606 -2.8317e-05 0
0.18 0.000170525 -2.87867e-05 0
0.2 0.000202387 -2.6673e-05 0
0.22 0.000232388 -2.22081e-05 0
0.24 0.000259628 -1.54321e-05 0
0.26 0.000283305 -7.0495e-06 0
0.28 0.000302279 2.80887e-06 0
0.3 0.000315856 1.39591e-05 0
0.32 0.000323831 2.5602e-05 0
0.34 0.000325216 3.75684e-05 0
0.36 0.000319616 4.9466e-05 0
0.38 0.000307634 6.05249e-05 0
0.4 0.000289735 7.01595e-05 0
0.42 0.000267034 7.76724e-05 0
0.44 0.000241015 8.27603e-05 0
0.46 0.000212807 8.49078e-05 0
0.48 0.000183666 8.33644e-05 0
0.5 0.000154788 7.8504e-05 0
0.52 0.000127257 7.0754e-05 0
0.54 0.000101996 5.99478e-05 0
0.56 8.02015e-05 4.66191e-05 0
0.58 6.34146e-05 3.16506e-05 0
0.6 5.24854e-05 1.56438e-05 0
0.62 4.78591e-05 -5.37538e-07 0
0.64 4.97092e-05 -1.57867e-05 0
0.66 5.77474e-05 -2.93349e-05 0
0.68 7.1714e-05 -4.04804e-05 0
0.7 9.08894e-05 -4.84474e-05 0
0.72 0.000113675 -5.27954e-05 0
0.74 0.000138467 -5.29925e-05 0
0.76 0.000163903 -4.85918e-05 0
0.78 0.000187949 -4.00298e-05 0
0.8 0.000208029 -2.79525e-05 0
0.82 0.000222247 -1.29608e-05 0
0.84 0.00023001 3.96411e-06 0
0.86 0.000230912 2.16433e-05 0
0.88 0.000223882 3.82626e-05 0
0.9 0.000209117 5.1506e-05 0
0.92 0.000188084 6.01779e-05 0
0.94 0.000161957 6.42776e-05 0
0.96 0.000131342 6.21973e-05 0
0.98 9.67349e-05 5.25156e-05 0
1 6.0977e-05 3.7232e-05 0
1.02 2.72959e-05 1.76862e-05 0
1.04 -4.05337e-06 -6.373e-06 0
1.06 -3.23639e-05 -3.32196e-05 0
1.08 -5.51414e-05 -5.95132e-05 0
1.1 -7.11902e-05 -8.21847e-05 0
1.12 -8.18575e-05 -0.00010014 0
1.14 -8.86944e-05 -0.000112559 0
1.16 -9.1825e-05 -0.000116868 0
1.18 -9.27018e-05 -0.000112133 0
1.2 -9.35178e-05 -9.99769e-05 0
1.22 -9.47731e-05 -8.15715e-05 0
1.24 -9.6475e-05 -5.71626e-05 0
1.26 -9.91642e-05 -2.87407e-05 0
1.28 -0.000103568 -1.1292e-07 0
1.3 -0.000109318 2.67041e-05 0
1.32 -0.000115322 5.15694e-05 0
1.34 -0.000120979 7.33942e-05 0
1.36 -0.000125533 9.05861e-05 0
1.38 -0.00012816 0.0001043 0
1.4 -0.000128186 0.000116402 0
1.42 -0.0001251 0.000126504 0
1.44 -0.000119434 0.000134953 0
1.46 -0.000112014 0.000142994 0
1.48 -0.00010372 0.00015093 0
1.5 -9.57156e-05 0.000158605 0
1.52 -8.85023e-05 0.000165362 0
1.54 -8.2932e-05 0.000170849 0
1.56 -7.92841e-05 0.000174963 0
1.58 -7.61093e-05 0.000176438 0
1.6 -7.33221e-05 0.000174778 0
1.62 -7.07197e-05 0.000170956 0
1.64 -6.63413e-05 0.000165486 0
1.66 -5.92463e-05 0.000158816 0
1.68 -4.80503e-05 0.000151991 0
1.7 -3.0974e-05 0.000146586 0
1.72 -7.3191e-06 0.0001436 0
1.74 2.32918e-05 0.00014293 0
1.76 5.94163e-05 0.00014454 0
1.78 9.91653e-05 0.000147579 0
1.8 0.000141148 0.000150415 0
1.82 0.000182262 0.000152033 0
1.84 0.000219408 0.000150809 0
1.86 0.000250686 0.000145206 0
1.88 0.000273843 0.000134739 0
1.9 0.000286741 0.000118384 0
1.92 0.000288514 9.61679e-05 0
1.94 0.00027916 6.91556e-05 0
1.96 0.00025879 3.70655e-05 0
1.98 0.000228248 4.23195e-07 0
2 0.000189571 -3.90954e-05 0
2.02 0.000145093 -8.05925e-05 0
2.04 9.7733e-05 -0.000123167 0
2.06 5.07586e-05 -0.000166187 0
2.08 6.72929e-06 -0.000208171 0
2.1 -3.2831e-05 -0.000246406 0
2.12 -6.72579e-05 -0.000279809 0
2.14 -9.58962e-05 -0.000306051 0
2.16 -0.000119441 -0.000320628 0
2.18 -0.000139889 -0.000320377 0
2.2 -0.000158472 -0.000303773 0
2.22 -0.000176232 -0.000270644 0
2.24 -0.000194647 -0.000221389 0
2.26 -0.000215492 -0.000158927 0
2.28 -0.000238691 -8.9845e-05 0
2.3 -0.00026151 -2.05225e-05 0
2.32 -0.000282056 4.23768e-05 0
2.34 -0.000298774 9.10985e-05 0
2.36 -0.00030883 0.000120003 0
2.38 -0.000309625 0.000125591 0
2.4 -0.000299956 0.00010673 0
2.42 -0.000280571 6.51086e-05 0
2.44 -0.000252243 4.43836e-06 0
2.46 -0.000215346 -7.06821e-05 0
2.48 -0.000171855 -0.000155209 0
2.5 -0.000124351 -0.000242971 0
2.52 -7.4516e-05 -0.000328558 0
2.54 -2.37332e-05 -0.000407933 0
2.56 2.584e-05 -0.000477254 0
2.58 7.19499e-05 -0.00053335 0
2.6 0.000113121 -0.000574294 0
2.62 0.000148147 -0.000599589 0
2.64 0.000176434 -0.000609217 0
2.66 0.000198302 -0.000603341 0
2.68 0.000214464 -0.00058321 0
2.7 0.000225875 -0.000549975 0
2.72 0.000233116 -0.000504051 0
2.74 0.000235998 -0.000446331 0
2.76 0.000233841 -0.000377965 0
2.78 0.000225908 -0.000299404 0
2.8 0.000212018 -0.000212334 0
2.82 0.000192719 -0.00012167 0
2.84 0.000169509 -3.31773e-05 0
2.86 0.000143301 4.79139e-05 0
2.88 0.00011466 0.000115547 0
2.9 8.45013e-05 0.000164086 0
2.92 5.11511e-05 0.000191589 0
2.94 1.20532e-05 0.000199158 0
2.96 -3.38649e-05 0.000188324 0
2.98 -8.82481e-05 0.000161842 0
3 -0.000151784 0.000123711 0
3.02 -0.000222935 7.70275e-05 0
3.04 -0.000298766 2.43473e-05 0
3.06 -0.000374875 -3.06493e-05 0
3.08 -0.000448124 -8.43329e-05 0
3.1 -0.000516051 -0.000133747 0
3.12 -0.000575115 -0.00017436 0
3.14 -0.000622621 -0.000202111 0
3.16 -0.000656452 -0.000215597 0
3.18 -0.000674725 -0.000213116 0
3.2 -0.000676832 -0.000193751 0
3.22 -0.000663176 -0.000159285 0
3.24 -0.000635453 -0.000111893 0
3.26 -0.000596927 -5.33055e-05 0
3.28 -0.000551062 1.43724e-05 0
3.3 -0.000501201 8.70567e-05 0
3.32 -0.000450376 0.000159426 0
3.34 -0.000401037 0.000227089 0
3.36 -0.000355259 0.000285038 0
3.38 -0.000313837 0.000328524 0
3.4 -0.000276239 0.000355094 0
3.42 -0.00024179 0.000363436 0
3.44 -0.000209727 0.00035356 0
3.46 -0.00017866 0.000326903 0
3.48 -0.00014728 0.000285809 0
3.5 -0.000115286 0.000234082 0
3.52 -8.45148e-05 0.000176263 0
3.54 -5.90122e-05 0.000117198 0
3.56 -4.24946e-05 6.20417e-05 0
3.58 -3.85231e-05 1.50751e-05 0
3.6 -5.11552e-05 -2.07838e-05 0
3.62 -8.16962e-05 -4.44626e-05 0
3.64 -0.000127895 -5.64971e-05 0
3.66 -0.000185983 -5.85046e-05 0
3.68 -0.000251443 -5.34925e-05 0
3.7 -0.00031948 -4.40433e-05 0
3.72 -0.000385266 -3.21912e-05 0
3.74 -0.000444202 -2.2308e-05 0
3.76 -0.000492567 -1.85063e-05 0
3.78 -0.000527179 -2.15478e-05 0
3.8 -0.000543619 -3.1739e-05 0
3.82 -0.000537163 -4.973e-05 0
3.84 -0.000508093 -7.32386e-05 0
3.86 -0.000460352 -9.69728e-05 0
3.88 -0.00039674 -0.000116149 0
3.9 -0.000322407 -0.000127407 0
3.92 -0.00024532 -0.000127975 0
3.94 -0.000171401 -0.00011615 0
3.96 -0.000105485 -9.25614e-05 0
3.98 -5.22487e-05 -6.10758e-05 0
4 -1.45395e-05 -2.50717e-05 0
4.02 4.93162e-06 1.47659e-05 0
4.04 4.17214e-06 5.60431e-05 0
4.06 -1.59025e-05 9.46883e-05 0
4.08 -5.3281e-05 0.000127494 0
4.1 -0.000105058 0.000150583 0
4.12 -0.00016569 0.000158648 0
4.14 -0.000227228 0.00014681 0
4.16 -0.000281195 0.000113193 0
4.18 -0.000321547 6.01316e-05 0
4.2 -0.000345173 -6.6607e-06 0
4.22 -0.000349981 -7.98727e-05 0
4.24 -0.00033481 -0.000152188 0
4.26 -0.000299845 -0.000216627 0
4.28 -0.000246291 -0.000265903 0
4.3 -0.000175486 -0.000293038 0
4.32 -9.02071e-05 -0.000291883 0
4.34 2.37149e-06 -0.000257909 0
4.36 9.27864e-05 -0.000190831 0
4.38 0.000172806 -9.50629e-05 0
4.4 0.000235158 2.16551e-05 0
4.42 0.000273051 0.000148803 0
4.44 0.000282297 0.000273789 0
4.46 0.000261851 0.000383031 0
4.48 0.000211839 0.000463828 0
4.5 0.000135433 0.000507813 0
4.52 4.00911e-05 0.000510591 0
4.54 -6.5905e-05 0.000469975 0
4.56 -0.000174215 0.000388749 0
4.58 -0.00027568 0.000275222 0
4.6 -0.000362102 0.000139142 0
4.62 -0.000427135 -1.03044e-05 0
4.64 -0.000465787 -0.000162739 0
4.66 -0.000473837 -0.000306831 0
4.68 -0.000449822 -0.000431707 0
4.7 -0.000398453 -0.000527584 0
4.72 -0.000328323 -0.000586832 0
4.74 -0.000248488 -0.000605721 0
4.76 -0.000167362 -0.000586344 0
4.78 -9.26955e-05 -0.000534477 0
4.8 -2.96165e-05 -0.000458215 0
4.82 2.29037e-05 -0.00036793 0
4.84 6.48825e-05 -0.000271016 0
4.86 9.30837e-05 -0.000170975 0
4.88 0.00010948 -7.13002e-05 0
4.9 0.000118918 2.48762e-05 0
4.92 0.000124324 0.000118017 0
4.94 0.000126879 0.000212768 0
4.96 0.000129822 0.000310693 0
4.98 0.000137415 0.000408879 0
5 0.00014309 0.000505346 0
5.02 0.000135782 0.000594512 0
5.04 0.000110496 0.000665943 0
5.06 6.0734e-05 0.00070911 0
5.08 -1.87534e-05 0.000717525 0
5.1 -0.000128839 0.00069153 0
5.12 -0.000264744 0.000627518 0
5.14 -0.000412395 0.000518101 0
5.16 -0.000559812 0.000364352 0
5.18 -0.000694606 0.000174187 0
5.2 -0.000797254 -3.74787e-05 0
5.22 -0.000852514 -0.000252294 0
5.24 -0.000855696 -0.000449732 0
5.26 -0.000809248 -0.000604992 0
5.28 -0.000706076 -0.000709002 0
5.3 -0.000529109 -0.000768879 0
5.32 -0.000280468 -0.00078964 0
5.34 1.97685e-05 -0.000778882 0
5.36 0.000353768 -0.000742094 0
5.38 0.000696394 -0.000677437 0
5.4 0.00100112 -0.000585357 0
5.42 0.00122655 -0.000466698 0
5.44 0.0013788 -0.000327856 0
5.46 0.00148179 -0.000187927 0
5.48 0.00152903 -7.0507e-05 0
5.5 0.00151464 7.40324e-06 0
5.52 0.00145582 4.12047e-05 0
5.54 0.00135502 3.74786e-05 0
5.56 0.00119828 1.50019e-05 0
5.58 0.000995336 -1.07221e-05 0
5.6 0.000776554 -4.73373e-05 0
5.62 0.000563539 -0.00010874 0
5.64 0.000369964 -0.000205552 0
5.66 0.000218776 -0.000350707 0
5.68 0.000126955 -0.000530367 0
5.7 7.1902e-05 -0.000692961 0
5.72 2.09024e-05 -0.000786488 0
5.74 -3.84264e-05 -0.00077817 0
5.76 -0.000133525 -0.000648495 0
5.78 -0.000283761 -0.000390603 0
5.8 -0.00045762 -1.85735e-05 0
5.82 -0.000617548 0.000423226 0
5.84 -0.000751653 0.000881357 0
5.86 -0.000858373 0.00131715 0
5.88 -0.000938385 0.00168557 0
5.9 -0.000997671 0.0019333 0
5.92 -0.00103982 0.00202775 0
5.94 -0.00104477 0.00196757 0
5.96 -0.000982448 0.00178033 0
5.98 -0.000857995 0.00150941 0
6 -0.000699619 0.00119905 0
6.02 -0.000507774 0.000883666 0
6.04 -0.000273241 0.000591527 0
6.06 -1.35245e-05 0.000370285 0
6.08 0.000254375 0.000264162 0
6.1 0.000527015 0.000250419 0
6.12 0.00077024 0.000277936 0
6.14 0.000917548 0.000333948 0
6.16 0.000946193 0.000399486 0
6.18 0.000902925 0.000428434 0
6.2 0.000819706 0.000393951 0
6.22 0.000677492 0.000308782 0
6.24 0.000495602 0.000191257 0
6.26 0.000353773 1.13488e-05 0
6.28 0.000278231 -0.000251692 0
6.3 0.000222335 -0.000522125 0
6.32 0.000183279 -0.000694847 0
6.34 0.000201753 -0.000728768 0
6.36 0.000245674 -0.000621631 0
6.38 0.000241484 -0.000374485 0
6.4 0.000216663 -4.15437e-05 0
6.42 0.000283014 0.000248942 0
6.44 0.000484693 0.000402845 0
6.46 0.000769483 0.000434383 0
6.48 0.00108454 0.000391343 0
6.5 0.00137094 0.000303285 0
6.52 0.00150585 0.000205207 0
6.54 0.00139851 0.000132794 0
6.56 0.00110776 8.95094e-05 0
6.58 0.000756912 4.18571e-05 0
6.6 0.000394857 -2.4315e-05 0
6.62 2.98923e-05 -9.14688e-05 0
6.64 -0.000287176 -0.000172932 0
6.66 -0.000514323 -0.000286132 0
6.68 -0.000672135 -0.00040182 0
6.7 -0.000771098 -0.000509282 0
6.72 -0.00077184 -0.000645534 0
6.74 -0.000650869 -0.000822185 0
6.76 -0.000432816 -0.0010123 0
6.78 -0.000152376 -0.0012034 0
6.8 0.000173256 -0.00138583 0
6.82 0.000507029 -0.00151833 0
6.84 0.000773007 -0.00154282 0
6.86 0.000926277 -0.00140712 0
6.88 0.000971395 -0.00111088 0
6.9 0.000906694 -0.00071811 0
6.92 0.00073555 -0.000293032 0
6.94 0.00052776 8.78335e-05 0
6.96 0.000398978 0.000326962 0
6.98 0.000400227 0.000423545 0
7 0.000497061 0.000478415 0
7.02 0.000659571 0.000558738 0
7.04 0.000865796 0.000670674 0
7.06 0.00103849 0.000821028 0
7.08 0.00110858 0.00102751 0
7.1 0.00110442 0.00128308 0
7.12 0.00106727 0.00154841 0
7.14 0.000969424 0.00180102 0
7.16 0.000764664 0.00205228 0
7.18 0.000419825 0.00228642 0
7.2 -7.28026e-05 0.00243828 0
7.22 -0.000673161 0.00246565 0
7.24 -0.00130865 0.00237014 0
7.26 -0.00188098 0.00215155 0
7.28 -0.00229213 0.00183359 0
7.3 -0.00249533 0.00145587 0
7.32 -0.00249835 0.00101832 0
7.34 -0.0023285 0.00052584 0
7.36 -0.00197976 5.51273e-06 0
7.38 -0.00143602 -0.000536383 0
7.4 -0.000760795 -0.00107108 0
7.42 -6.15067e-05 -0.00150943 0
7.44 0.000608261 -0.00177143 0
7.46 0.00124262 -0.00186428 0
7.48 0.0018268 -0.00184644 0
7.5 0.00233812 -0.00173712 0
7.52 0.00279555 -0.00153159 0
7.54 0.00321879 -0.00125558 0
7.56 0.00353949 -0.000939724 0
7.58 0.00366013 -0.000582718 0
7.6 0.00356221 -0.000187871 0
7.62 0.00328685 0.0001941 0
7.64 0.0028681 0.000514558 0
7.66 0.00232372 0.000761487 0
7.68 0.00168913 0.000916794 0
7.7 0.00102574 0.000953604 0
7.72 0.000373454 0.000886817 0
7.74 -0.000260583 0.000770127 0
7.76 -0.000855121 0.000631462 0
7.78 -0.00137251 0.000468854 0
7.8 -0.0018006 0.000294942 0
7.82 -0.00215845 0.000123546 0
7.84 -0.00244479 -5.56136e-05 0
7.86 -0.00261565 -0.000253663 0
7.88 -0.00263451 -0.000462855 0
7.9 -0.00250152 -0.000652414 0
7.92 -0.00224345 -0.000762507 0
7.94 -0.00190476 -0.000740257 0
7.96 -0.0015398 -0.000578842 0
7.98 -0.00119677 -0.000306785 0
8 -0.000897915 1.66324e-05 0
8.02 -0.000638416 0.000312698 0
8.04 -0.0003968 0.000533359 0
8.06 -0.000147298 0.000677638 0
8.08 0.000132106 0.000748967 0
8.1 0.000451664 0.000741113 0
8.12 0.000785595 0.000685541 0
8.14 0.00107497 0.000648826 0
8.16 0.0012751 0.000652975 0
8.18 0.00138447 0.000659383 0
8.2 0.00143236 0.000635497 0
8.22 0.0014447 0.000578945 0
8.24 0.00142373 0.000467005 0
8.26 0.00136206 0.000254853 0
8.28 0.00124637 -5.04229e-05 0
8.3 0.00104963 -0.00039063 0
8.32 0.00076241 -0.000709603 0
8.34 0.000422426 -0.000973625 0
8.36 8.94574e-05 -0.00118283 0
8.38 -0.000189754 -0.00134376 0
8.4 -0.000382223 -0.00144799 0
8.42 -0.000467912 -0.0014904 0
8.44 -0.000457757 -0.0014521 0
8.46 -0.000377613 -0.00129793 0
8.48 -0.000227756 -0.00102358 0
8.5 9.44523e-06 -0.000666184 0
8.52 0.000325863 -0.000271669 0
8.54 0.000678037 0.000123345 0
8.56 0.00102326 0.000478214 0
8.58 0.00132356 0.000752647 0
8.6 0.00151803 0.000946477 0
8.62 0.00154468 0.00110052 0
8.64 0.00137006 0.00124518 0
8.66 0.000988772 0.00137464 0
8.68 0.00043264 0.00147292 0
8.7 -0.000220676 0.00152051 0
8.72 -0.000864667 0.001462 0
8.74 -0.00140356 0.00122403 0
8.76 -0.00177976 0.000768142 0
8.78 -0.00198038 9.69182e-05 0
8.8 -0.00203871 -0.000753488 0
8.82 -0.00200651 -0.0017109 0
8.84 -0.00192356 -0.00268677 0
8.86 -0.00180541 -0.00359699 0
8.88 -0.00162073 -0.00435547 0
8.9 -0.0013116 -0.00488111 0
8.92 -0.000863232 -0.00512079 0
8.94 -0.000324541 -0.00503553 0
8.96 0.000233967 -0.00459685 0
8.98 0.000751419 -0.00381529 0
9 0.00116675 -0.00273643 0
9.02 0.00143954 -0.00143331 0
9.04 0.00159673 -1.9152e-05 0
9.06 0.00168759 0.00137533 0
9.08 0.00171218 0.00264917 0
9.1 0.00165891 0.00374509 0
9.12 0.00154684 0.00463101 0
9.14 0.00136446 0.00528993 0
9.16 0.00104549 0.00572194 0
9.18 0.00057397 0.00592643 0
9.2 3.67355e-05 0.00588767 0
9.22 -0.000466369 0.00558767 0
9.24 -0.000878208 0.00501341 0
9.26 -0.00114792 0.00414995 0
9.28 -0.00124013 0.00299355 0
9.3 -0.00119472 0.00158888 0
9.32 -0.00109991 2.50019e-05 0
9.34 -0.00102285 -0.0015939 0
9.36 -0.00100049 -0.00314283 0
9.38 -0.00103735 -0.00448896 0
9.4 -0.00109414 -0.00553982 0
9.42 -0.00109611 -0.00625291 0
